983	1
2663	1
145	2
153	2
313	2
496	2
1124	2
1163	2
1178	2
1247	2
1327	2
1948	2
603	3
2071	3
1397	4
1660	4
1152	5
1936	5
338	6
1075	6
87	7
271	8
648	8
1059	8
1329	8
2410	8
438	9
933	9
1019	9
1910	9
1944	9
1954	10
2480	10
23	11
428	11
1444	11
1588	11
2095	11
2654	11
244	12
375	12
417	12
626	12
875	12
1764	12
2065	12
605	13
933	13
91	14
996	14
1215	14
1659	14
1719	14
1728	14
1746	14
1840	14
2074	14
2097	14
2319	14
24	15
31	15
68	15
258	15
425	15
856	15
1002	15
1004	15
1064	15
1106	15
1174	15
1231	15
1276	15
1622	15
1708	15
1728	15
2048	15
2180	15
2338	15
2378	15
365	16
522	16
822	16
1503	16
2085	16
2682	16
2729	16
1016	17
1272	17
2369	17
973	18
1938	19
1953	19
2244	19
2404	19
592	20
2305	20
2695	20
2242	21
2537	21
198	22
2073	22
2515	22
2543	22
2608	22
11	23
1525	23
15	24
1365	24
2576	24
2730	24
254	25
553	25
1165	25
1314	25
1810	25
1823	25
2576	25
44	26
756	26
944	26
1180	26
1198	26
1377	26
1390	26
1395	26
1447	26
1671	26
1728	26
1891	26
1921	26
1930	26
1966	26
2506	26
2639	26
2677	26
2732	26
311	27
1100	27
1490	27
2450	27
2521	27
1651	28
2686	28
68	29
242	29
629	29
871	29
78	30
161	30
241	30
673	30
947	30
983	30
1000	30
1175	30
1332	30
1584	30
1700	30
1931	30
1981	30
2005	30
2043	30
2108	30
2159	30
2297	30
2298	30
2343	30
2413	30
2614	30
15	31
2637	31
579	32
1345	32
2602	33
351	34
565	34
589	34
2245	35
511	36
2329	36
157	37
827	37
1164	37
1586	37
349	38
555	38
627	38
2020	39
2065	39
1037	40
2463	40
678	41
113	42
284	42
340	42
605	42
1055	42
1930	42
2021	42
2370	42
2735	42
2147	43
2305	43
26	44
393	44
724	44
772	44
931	44
2402	44
1757	45
2394	45
1901	46
2156	47
475	48
886	48
1653	48
2689	48
652	49
1930	49
2259	49
1102	50
1293	50
1879	50
2240	50
2508	50
1430	51
885	52
2433	52
103	53
1079	53
1583	53
2130	53
2399	53
508	54
1059	54
1669	54
2640	54
1080	55
2437	55
2520	56
573	57
1394	57
1813	57
635	58
1848	58
1889	58
1759	59
275	60
319	60
801	60
1025	60
1247	60
1394	60
1587	60
2310	60
2419	60
64	61
983	61
1201	61
1356	61
1799	61
2129	61
2307	61
2686	61
1240	62
493	63
2119	63
2279	63
61	64
167	64
314	64
579	64
671	64
824	64
916	64
1132	64
1142	64
1322	64
1728	64
1742	64
1943	64
2112	64
2250	64
1024	65
1495	65
1636	65
150	66
315	66
355	66
503	66
630	66
1142	66
1161	66
1844	66
2071	66
2184	66
2338	66
2639	66
2680	66
1366	67
15	68
29	68
450	68
605	68
733	68
972	68
1013	68
1237	68
1502	68
1803	68
1919	68
2622	68
2697	68
2728	68
2755	68
832	69
1107	69
2048	69
2228	70
581	71
900	71
1831	71
2307	71
1680	72
1830	72
2115	72
1821	73
1823	73
2273	74
1811	75
80	76
1197	76
1760	76
314	77
1353	77
1636	77
30	78
127	78
225	78
605	78
942	78
960	78
1415	78
1758	78
1803	78
1945	78
2037	78
2385	78
112	79
76	80
158	80
1262	80
810	81
835	81
1041	81
1108	81
1630	81
1960	81
2021	81
2735	81
401	82
606	82
754	82
816	82
817	82
1170	82
1394	82
1617	82
108	83
254	84
550	84
1209	84
1994	84
247	85
413	85
1099	85
1107	85
1110	85
1153	85
1343	85
1425	85
1450	85
1462	85
1822	85
2239	85
2268	85
2373	85
2558	85
2626	85
2660	85
197	86
819	86
1265	86
2622	86
7	87
475	87
1326	87
1641	87
398	88
564	89
233	90
14	91
146	91
921	91
1141	91
1831	92
2095	93
2100	93
666	94
1911	94
2408	94
2721	94
2747	94
135	95
261	95
308	95
410	95
418	95
767	95
1108	95
1394	95
1419	95
1758	95
1785	95
1917	95
1713	96
2612	96
288	97
494	97
1644	97
2042	97
2400	97
262	98
852	99
1189	99
1776	99
1854	99
1997	99
2338	99
1965	100
313	101
2678	101
1159	102
53	103
234	103
238	103
707	103
1075	103
1282	103
1397	103
1554	103
2628	103
639	104
983	104
1024	104
1153	104
541	105
824	105
982	105
1214	105
1347	105
1810	105
2402	105
2485	105
2515	105
851	106
1181	107
2563	107
83	108
177	108
798	108
955	108
984	108
1080	108
1324	108
1365	108
1544	108
1668	108
1709	108
1829	108
1859	108
2153	108
2201	108
2632	108
2753	108
1819	109
342	110
990	110
1753	110
425	111
463	111
497	111
543	111
580	111
789	111
960	111
1241	111
1493	111
1864	111
2020	111
2324	111
2507	111
2752	111
79	112
711	112
828	112
1764	112
2122	112
2405	112
42	113
2489	113
1946	114
435	115
1007	115
2548	115
2507	116
2712	116
2338	117
2353	117
1114	118
1236	118
1895	118
1165	119
2558	119
2696	119
610	120
1553	120
661	121
822	121
1047	121
2159	121
1621	122
2041	122
1302	123
488	124
790	125
2745	125
428	126
854	126
78	127
706	127
1338	127
1541	127
2029	127
2632	127
703	128
1861	128
2150	128
1621	129
524	130
299	131
716	131
1272	131
1563	131
1977	131
1374	132
158	133
462	133
704	133
970	133
1192	133
2662	134
95	135
771	135
865	135
1025	135
1370	135
278	136
1998	136
774	137
971	138
979	138
1733	138
1760	138
2544	138
679	139
819	139
927	139
518	140
828	140
1104	140
1352	140
1851	140
1964	140
1247	141
2642	141
2666	141
607	142
2293	142
2735	142
2737	142
2044	143
2085	143
2558	143
1703	144
2	145
1685	145
91	146
432	146
1309	146
1489	146
2071	146
2123	146
2404	146
2607	146
2722	146
2749	146
2672	147
572	148
1006	148
1146	148
1234	148
2067	148
279	149
661	149
723	149
1170	149
1461	149
1462	149
1487	149
1779	149
2187	149
2338	149
66	150
495	150
770	150
1400	150
1550	150
2726	150
1845	151
2258	151
1424	152
2	153
817	153
2410	153
2663	153
1059	154
1831	154
352	155
1187	155
1251	155
1710	155
2274	155
594	156
1073	156
37	157
276	157
703	157
961	157
1514	157
2067	157
2075	157
2179	157
2434	157
2460	157
80	158
133	158
1217	158
1314	158
1614	158
1755	158
1101	159
1149	160
30	161
257	161
338	161
385	161
863	161
1073	161
1563	161
2663	161
2663	162
1254	163
1555	163
211	164
1145	164
1813	164
1024	165
1701	165
2073	165
1322	166
1813	166
64	167
537	167
857	167
1461	167
2344	167
2758	167
216	168
1537	168
203	169
454	169
455	169
817	169
1223	169
2381	169
2594	169
2371	170
398	171
1610	171
2763	171
2406	172
553	173
1108	173
2354	173
2567	173
2755	173
1083	174
2049	174
2699	174
2763	174
1692	175
329	176
558	176
617	176
1500	176
1959	176
108	177
315	177
1044	177
1586	177
1592	177
1751	177
393	178
599	178
1724	178
2151	178
2540	178
2638	178
416	179
374	180
349	181
907	181
2116	181
364	182
983	182
220	183
274	183
418	183
660	183
1177	183
1631	183
2460	183
259	184
2274	184
2316	184
2440	184
2533	184
1482	185
1836	185
2703	185
1259	186
1215	187
1527	188
1025	189
2546	189
1053	190
1344	190
1956	190
238	191
385	191
1421	191
1889	191
2306	191
2649	191
2653	191
1628	192
2268	192
2194	193
355	194
491	194
1943	194
2382	194
2637	194
1534	195
2461	195
865	196
86	197
22	198
586	198
793	199
1775	200
2123	200
2134	200
2590	200
261	201
545	201
776	201
962	201
1219	201
1699	201
1821	201
2062	201
2457	201
1021	202
2438	202
2602	202
169	203
466	203
2153	203
1546	204
1983	204
1803	205
1748	206
1764	206
2012	206
2343	206
2642	206
1590	207
765	208
225	209
1692	209
1839	209
2382	209
2602	209
1758	210
164	211
228	211
1282	211
1369	211
1647	211
2333	211
2349	211
2722	211
2515	212
1247	213
1351	213
232	214
241	214
369	214
382	214
817	214
1074	214
1528	214
1810	214
2163	214
783	215
1550	215
2220	215
168	216
557	216
1634	216
1799	216
2547	216
2047	217
2097	217
453	218
1176	218
1736	218
1841	218
1869	218
2210	218
282	219
564	219
183	220
383	220
628	220
830	220
2612	220
667	221
958	221
998	221
1046	221
1945	221
985	222
2338	223
2146	224
2554	224
2688	224
78	225
209	225
477	225
1375	225
2443	225
344	226
937	226
1010	226
2044	226
2052	226
2410	226
2580	226
2714	226
2209	227
211	228
334	228
472	228
1009	228
1198	228
928	229
1082	229
1419	230
822	231
1764	231
1854	231
2353	231
2399	231
2741	231
214	232
804	232
90	233
1020	233
1597	233
2327	233
103	234
1728	234
2252	234
2377	234
2445	234
1981	235
2338	235
604	236
1231	236
1435	236
1739	236
2066	236
2603	236
917	237
103	238
191	238
313	238
649	238
684	238
1937	238
826	239
2098	239
2686	239
868	240
929	240
954	240
1149	240
1488	240
2026	240
2546	240
30	241
214	241
612	241
685	241
836	241
1041	241
1898	241
2277	241
2347	241
2602	241
29	242
343	242
889	242
1318	242
1953	242
1987	242
2167	242
2579	242
2061	243
12	244
466	244
1350	244
1797	244
2558	244
2230	245
254	246
259	246
1420	246
1572	246
1586	246
1606	246
2005	246
85	247
265	247
276	247
298	247
845	247
1715	247
1967	247
2093	247
1302	248
2351	248
774	249
1040	249
1337	249
2263	249
1157	250
1301	250
993	251
1132	251
2500	251
418	252
1259	252
1525	252
1984	252
1215	253
1469	253
1700	253
1803	253
2200	253
2391	253
2589	253
25	254
84	254
246	254
664	254
1058	254
1840	254
649	255
1673	255
1701	255
2175	255
2223	255
1955	256
161	257
298	257
2344	257
2431	257
15	258
1545	258
1900	258
1933	258
2535	258
184	259
246	259
1792	259
2758	259
2327	260
95	261
201	261
435	261
917	261
1949	261
98	262
1910	262
2598	262
2685	262
674	263
976	263
2326	263
324	264
247	265
601	265
916	265
1890	265
1919	266
2181	266
1937	267
1961	268
2223	268
545	269
728	269
769	269
1325	269
1908	269
2699	270
8	271
1112	271
1394	271
1463	271
1816	271
2122	271
978	272
2434	272
2758	272
1053	273
1841	273
2344	273
183	274
298	274
364	274
496	274
2083	274
2345	274
60	275
372	275
909	275
1571	275
2665	275
157	276
247	276
1667	276
1771	276
1791	276
2354	276
1682	277
136	278
748	278
917	278
985	278
1100	278
2173	278
2567	278
2699	278
149	279
723	279
781	279
1333	279
1527	279
2089	279
295	280
1166	281
2336	281
219	282
458	282
1095	282
1759	282
335	283
42	284
314	284
381	284
384	284
928	284
1197	284
1804	284
1823	284
1907	284
2206	284
2287	284
1088	285
533	286
2200	287
97	288
396	288
860	288
991	288
1420	288
1798	288
1735	289
562	290
956	290
2085	290
2540	290
2611	290
594	291
883	292
1122	292
1911	292
2038	292
978	293
1052	293
1167	293
1184	293
1541	293
1648	293
1676	293
1776	293
1827	293
2256	293
2260	293
2360	293
2523	293
2587	293
675	294
280	295
418	295
917	295
925	295
1146	295
1382	295
1753	295
1813	295
2231	295
2232	295
2620	295
2632	295
302	296
1753	296
2391	296
396	297
247	298
257	298
274	298
1288	298
131	299
2093	299
2338	299
2438	300
2475	300
1362	301
2763	301
296	302
701	302
1278	302
1479	302
2129	302
2469	302
598	303
985	303
1606	303
1631	303
2632	303
1415	304
2121	305
453	306
862	307
1503	307
95	308
374	309
1811	309
1851	309
2031	309
2327	310
27	311
2727	312
2	313
101	313
238	313
503	313
593	313
1150	313
1417	313
1468	313
1689	313
2207	313
2382	313
2560	313
2686	313
64	314
77	314
284	314
616	314
730	314
1217	314
1686	314
1737	314
2032	314
66	315
177	315
460	315
1462	315
1700	315
1722	315
2002	315
2033	315
2065	315
2202	315
2327	315
1294	316
1312	316
1890	316
605	317
1780	318
1960	318
2660	318
60	319
1846	320
2456	320
446	321
604	321
649	321
734	321
1923	321
1943	321
564	322
2316	323
2735	323
264	324
2460	324
865	325
1393	326
1497	326
631	327
682	327
1759	327
1818	328
176	329
1212	329
1826	329
2238	329
674	330
2079	330
539	331
619	331
754	331
810	331
519	332
1731	332
2176	332
2048	333
2190	333
2316	333
2399	333
228	334
1345	334
283	335
1241	335
1418	335
1759	335
1769	335
2045	335
1630	336
2106	336
1803	337
2728	337
6	338
161	338
745	338
928	338
442	339
507	339
543	339
635	339
752	339
793	339
997	339
1005	339
1106	339
1148	339
1242	339
1358	339
1645	339
2294	339
2541	339
2637	339
2649	339
2719	339
42	340
577	340
628	340
1904	340
2228	340
2455	340
2559	340
2748	340
2549	341
110	342
547	342
1335	342
1785	342
2021	342
2486	342
242	343
776	343
817	343
1071	343
1195	343
1237	343
1889	343
2755	343
2761	343
226	344
425	344
445	344
886	344
991	344
2042	344
1241	345
1659	345
1043	346
2197	347
431	348
1131	348
1552	348
1791	348
1823	348
1906	348
38	349
181	349
352	349
1317	349
1325	349
1538	349
1671	349
2030	349
2445	349
2750	349
2316	350
34	351
1120	351
1135	351
2632	351
155	352
349	352
503	352
565	352
607	352
822	352
1393	352
820	353
1531	353
2327	353
2412	353
1059	354
2297	354
2686	354
66	355
194	355
829	355
1991	356
1685	357
1331	358
1860	358
589	359
1148	360
1537	360
1542	360
1738	360
2043	360
2300	360
2382	360
2462	360
2109	361
2297	361
637	362
817	362
856	362
1314	362
438	363
2043	363
2709	363
182	364
274	364
1412	364
2531	364
2712	364
16	365
1127	365
1103	366
1133	366
775	367
1694	368
214	369
802	370
1084	370
2076	370
946	371
275	372
1719	372
1795	372
1956	372
674	373
1259	373
1586	373
1613	373
2109	373
180	374
309	374
390	374
411	374
514	374
693	374
1081	374
1685	374
2287	374
2663	374
12	375
1269	376
1050	377
1586	377
1773	377
1846	377
2636	377
2699	377
801	378
1215	378
1574	378
2048	378
2113	378
2397	378
1997	379
2057	379
2078	379
2504	379
2550	379
1726	380
284	381
1669	381
1674	381
1759	381
1790	381
214	382
1823	382
1837	382
220	383
2297	383
284	384
1960	384
161	385
191	385
730	386
741	386
1474	386
947	387
558	388
1239	388
1320	389
2381	389
374	390
1294	391
402	392
954	392
1090	392
2544	392
44	393
178	393
1384	394
2443	395
2673	395
288	396
297	396
601	396
778	396
1340	396
2584	396
404	397
1390	397
2429	397
88	398
171	398
729	398
834	398
949	398
1333	398
2162	398
2597	398
1456	399
1731	399
569	400
82	401
496	401
863	401
1484	401
1742	401
2196	401
2642	401
2669	401
392	402
512	403
865	403
1139	403
1690	403
2273	403
2467	403
2740	403
397	404
692	404
1798	404
423	405
667	405
1462	405
1885	405
2297	405
2137	406
2553	406
537	407
2588	407
1302	408
1872	408
1776	409
95	410
705	410
1442	410
2237	410
374	411
441	411
657	411
793	411
1367	411
1695	411
1729	411
2405	411
2699	411
2761	411
440	412
85	413
868	413
1725	414
1023	415
1225	415
179	416
1263	416
1770	416
12	417
615	417
657	417
723	417
774	417
1240	417
1275	417
1867	417
2094	417
95	418
183	418
252	418
295	418
462	418
638	418
874	418
878	418
886	418
909	418
919	418
996	418
1206	418
1442	418
1525	418
1733	418
1962	418
2092	418
2260	418
2404	418
2482	418
2493	418
1037	419
2041	419
1574	420
2489	421
2601	421
2647	421
2222	422
405	423
615	423
940	423
1085	423
1213	423
1224	423
1511	423
1708	423
1821	423
1829	423
1831	423
1864	423
1869	423
1982	423
2223	423
2398	423
2486	423
2511	423
766	424
1353	424
1520	424
15	425
111	425
344	425
889	425
1407	425
1937	425
2222	425
2082	426
1107	427
1269	427
1920	427
11	428
126	428
626	428
718	428
801	428
886	428
1154	428
1281	428
1371	428
1701	428
2042	428
2206	428
2363	428
2443	428
2730	428
725	429
1713	429
1881	429
1925	429
2097	429
2573	429
2614	429
484	430
1335	430
2037	430
348	431
508	431
1200	431
146	432
889	432
2366	432
2222	433
2622	434
115	435
261	435
1502	435
1753	435
1776	435
1922	435
1944	435
2314	435
2457	435
2658	435
2588	436
729	437
911	437
2021	437
9	438
363	438
1442	438
1511	438
2033	438
2319	438
2734	438
962	439
1628	439
1766	439
2171	439
412	440
1745	440
411	441
1102	441
339	442
1756	442
2062	442
911	443
1523	444
344	445
920	445
321	446
2610	446
2611	446
1715	447
462	448
1530	448
1823	448
2318	448
2387	448
2402	448
2419	448
2726	448
1911	449
68	450
1348	450
1142	451
2443	451
467	452
866	452
1236	452
1523	452
1719	452
1725	452
2124	452
218	453
306	453
639	453
1241	453
2425	453
169	454
784	454
1284	454
1637	454
2230	454
2458	454
2670	454
169	455
486	455
937	455
969	455
1024	455
1388	455
2048	455
2152	455
2274	455
2359	455
2512	455
2641	455
1605	456
2435	456
2343	457
282	458
508	458
944	458
1417	458
1632	458
1770	458
1919	458
2097	458
2608	458
2637	458
620	459
315	460
801	460
1680	460
2309	460
2350	460
610	461
949	461
1586	461
1675	461
2051	461
133	462
418	462
448	462
1544	462
1950	462
2147	462
111	463
1103	463
1301	463
2338	463
2613	463
836	464
953	464
1287	464
1575	464
2663	464
2727	464
1653	465
203	466
244	466
452	467
577	467
1083	467
546	468
868	468
2370	468
913	469
1134	469
1431	469
1837	469
2061	469
2514	469
2570	469
903	470
1636	470
2175	470
2740	470
1024	471
1740	471
2205	471
228	472
1245	473
1307	473
1959	473
755	474
821	474
917	474
1911	474
2327	474
48	475
87	475
586	475
723	475
2608	475
993	476
2316	476
225	477
1514	478
2512	478
857	479
2294	479
1823	480
1731	481
1836	481
2393	481
2740	482
1089	483
430	484
1343	484
2265	484
2383	484
832	485
1205	485
1209	485
455	486
1537	486
1997	486
2041	486
2280	486
2185	487
124	488
537	489
830	489
1154	489
1679	489
2097	489
2146	489
676	490
194	491
1170	491
2572	492
63	493
1513	493
2629	493
97	494
1392	494
150	495
722	495
1486	495
2	496
274	496
401	496
2297	496
2581	496
111	497
1209	497
2171	497
2635	498
2141	499
2507	499
2407	500
2195	501
668	502
66	503
313	503
352	503
1125	503
1772	504
936	505
1482	505
1946	505
2067	505
2585	505
882	506
339	507
2062	507
2737	507
54	508
431	508
458	508
640	508
1959	508
2393	508
2397	508
2640	508
1089	509
1298	509
1469	510
36	511
713	511
726	511
930	511
1280	511
1636	511
1885	511
2014	511
2067	511
2375	511
2382	511
403	512
770	512
798	512
1345	512
1723	512
2749	512
924	513
1008	513
1155	513
1549	513
2145	513
374	514
1814	514
960	515
1209	515
1236	515
1395	515
1728	515
1840	515
1853	515
2297	515
2310	516
1541	517
2603	517
140	518
1617	518
2485	518
332	519
2402	519
1700	520
988	521
1289	521
1429	521
2480	521
16	522
626	522
1937	522
1091	523
1985	523
2048	523
2116	523
2754	523
130	524
1079	524
2008	524
1714	525
2063	526
2663	526
1765	527
1796	527
2356	527
2745	527
590	528
988	528
2730	528
1079	529
960	530
962	530
984	530
1591	530
1598	530
1680	530
1943	530
1951	530
2616	530
2640	530
1813	531
2043	531
1803	532
286	533
1676	534
2165	534
1821	535
1083	536
1471	536
2197	536
2440	536
167	537
407	537
489	537
857	537
1728	537
2383	537
652	538
1753	538
1854	538
2486	538
2581	538
331	539
1507	539
698	540
2071	540
2678	540
105	541
2596	541
1495	542
111	543
339	543
1056	543
2049	543
2063	543
2151	543
1154	544
2022	544
201	545
269	545
1330	545
2611	545
468	546
865	546
945	546
342	547
1630	547
1501	548
1855	548
590	549
84	550
564	550
1375	550
1435	550
1680	550
1716	550
1776	550
1270	551
2258	551
2660	551
590	552
1521	552
25	553
173	553
793	553
1019	553
1205	553
1226	553
2283	553
2374	553
895	554
1080	554
1316	554
38	555
963	555
966	555
1258	555
1310	555
1338	555
1744	555
2422	555
602	556
2483	556
216	557
900	557
2314	557
176	558
388	558
2642	559
589	560
811	560
1104	560
2171	560
2451	560
978	561
1127	561
290	562
644	562
1989	562
2583	562
982	563
89	564
219	564
322	564
550	564
602	564
739	564
1991	564
34	565
352	565
603	565
2588	565
1057	566
1192	566
1494	566
2359	566
2420	566
1349	567
1982	568
400	569
966	569
1523	569
1769	569
2527	569
2659	569
2691	569
2146	570
2315	570
2455	570
1453	571
148	572
1943	572
57	573
2342	573
680	574
1572	575
1765	575
1583	576
340	577
467	577
975	577
1712	577
1764	577
1820	577
2041	577
2065	577
2205	577
2453	577
2503	577
2208	578
2649	578
32	579
64	579
1167	579
1301	579
1863	579
1995	579
2524	579
2596	579
111	580
71	581
1302	581
2145	581
832	582
983	582
1862	583
2339	583
2353	583
1227	584
1358	584
1374	584
1335	585
2626	585
198	586
475	586
1108	587
1660	587
2237	588
34	589
359	589
560	589
745	589
1059	589
1143	589
1204	589
1407	589
1669	589
1941	589
1976	589
2055	589
2226	589
2485	589
528	590
549	590
552	590
605	590
986	590
1288	590
1525	590
2057	590
2158	590
2396	590
2417	590
2432	590
2556	590
646	591
20	592
2075	592
2116	592
2129	592
313	593
1122	593
1343	593
156	594
291	594
937	594
764	595
1210	595
1471	595
1627	595
1144	596
1465	597
1755	597
303	598
1274	598
1414	598
178	599
816	599
891	600
1100	600
2226	600
2273	600
2609	600
265	601
396	601
2032	601
2145	601
2452	601
2469	601
556	602
564	602
2294	602
2760	602
3	603
565	603
236	604
321	604
917	604
944	604
2266	604
2477	604
13	605
42	605
68	605
78	605
317	605
590	605
650	605
755	605
803	605
825	605
890	605
972	605
1109	605
1384	605
1435	605
1534	605
1583	605
1634	605
1780	605
2119	605
2150	605
2294	605
2613	605
2644	605
2705	605
82	606
1853	606
142	607
352	607
631	607
1912	607
2304	607
2642	607
755	608
1043	608
1159	608
1713	608
1956	608
2193	608
1639	609
1707	609
2261	609
120	610
461	610
966	610
1338	610
1503	610
1992	610
2116	610
1279	611
241	612
2065	612
1019	613
1427	613
2027	613
2690	613
857	614
1785	614
417	615
423	615
730	615
1057	615
1583	615
1933	615
2067	615
2091	615
2115	615
2123	615
314	616
176	617
1282	618
1396	618
331	619
459	620
652	621
1001	622
872	623
1187	624
1232	624
2338	624
708	625
1300	625
1445	625
1664	625
1883	625
2297	625
12	626
428	626
522	626
1040	626
1091	626
1148	626
1417	626
2280	626
2495	626
2506	626
38	627
1172	627
2044	627
220	628
340	628
1455	628
29	629
667	629
1032	629
1073	629
1182	629
2032	629
2207	629
2353	629
2435	629
66	630
839	630
1023	630
1494	630
1866	630
1867	630
2035	630
2097	630
2434	630
327	631
607	631
782	631
1909	631
2042	631
2280	631
1272	632
1305	632
1620	632
1900	632
2372	632
2529	632
2625	632
2494	633
944	634
1981	634
58	635
339	635
1236	636
2065	636
362	637
2093	637
418	638
1095	638
2199	638
2257	638
2527	638
104	639
453	639
827	639
1629	639
2463	639
508	640
974	640
717	641
1764	642
780	643
1167	643
562	644
725	644
2493	644
1753	645
2171	645
591	646
1946	646
2344	646
1219	647
2434	647
8	648
2658	648
238	649
255	649
321	649
674	649
1235	649
1243	649
1568	649
1878	649
1990	649
2078	649
2113	649
2353	649
2556	649
605	650
1745	650
1770	650
1003	651
1729	651
49	652
538	652
621	652
1275	652
1623	652
2327	652
2426	652
770	653
1080	654
1146	655
928	656
2716	656
411	657
417	657
1372	657
2426	657
695	658
1128	658
2565	658
1639	659
1724	659
1965	659
2065	659
183	660
766	660
1951	660
121	661
149	661
757	661
767	661
1765	661
2369	661
2656	662
735	663
996	663
2502	663
254	664
1099	664
2378	664
1212	665
1434	665
94	666
221	667
405	667
629	667
1215	667
2460	667
502	668
886	668
2316	668
2535	668
2687	668
2525	669
1570	670
2431	670
2714	670
2731	670
64	671
898	671
968	671
1960	671
1692	672
30	673
2558	673
263	674
330	674
373	674
649	674
676	674
817	674
957	674
1394	674
1750	674
1758	674
2651	674
294	675
1394	675
1740	675
2598	675
490	676
674	676
1080	676
1699	676
1715	676
1941	676
2026	676
2737	676
745	677
2434	677
41	678
1384	678
139	679
2326	679
574	680
680	680
2735	680
1394	681
1887	681
2108	681
2407	681
327	682
889	682
860	683
238	684
918	684
1067	684
1813	684
1898	684
2557	684
241	685
689	685
2371	685
2317	686
1092	687
1671	687
2731	687
1548	688
2338	688
685	689
985	689
1254	689
1527	689
2642	689
957	690
1320	690
1951	690
2544	690
2632	690
2489	691
404	692
750	692
2280	692
374	693
875	693
2561	693
1344	694
1504	694
2297	694
658	695
2627	695
2518	696
2279	697
540	698
1562	699
1302	700
302	701
2044	702
2065	702
128	703
157	703
2285	703
133	704
410	705
865	705
1360	705
1635	705
2660	705
127	706
708	706
983	706
1507	706
2560	706
2611	706
103	707
1961	707
2420	707
625	708
706	708
1744	708
2071	708
2338	708
1541	709
2282	709
2526	709
2539	709
2653	709
2343	710
112	711
2017	711
2578	712
2731	712
511	713
2279	713
1693	714
1860	714
2717	714
2734	714
960	715
2093	715
131	716
1810	716
1981	716
1982	716
2682	716
641	717
1245	717
428	718
1936	718
1201	719
1265	719
2729	719
2685	720
2730	721
495	722
1018	722
1113	722
149	723
279	723
417	723
475	723
988	723
1595	723
1904	723
2261	723
2357	723
2484	723
44	724
1156	724
429	725
644	725
511	726
1026	726
1586	726
2383	726
1680	727
269	728
1921	728
2642	728
398	729
437	729
1303	729
1619	729
1660	729
2602	729
314	730
386	730
615	730
798	730
1595	730
1612	730
1770	730
1957	730
2224	730
2432	730
1341	731
2687	732
68	733
321	734
1818	734
663	735
1292	735
1367	735
1518	735
1937	735
2380	735
1556	736
1820	736
741	737
800	737
1826	737
1024	738
1260	738
1453	738
1837	738
2129	738
2140	738
564	739
1519	740
386	741
737	741
777	741
861	741
910	741
2053	741
2243	741
2528	741
1720	742
822	743
1526	743
893	744
2610	744
338	745
589	745
677	745
1522	745
1813	745
2294	745
2429	745
1872	746
1541	747
1813	747
278	748
2216	748
1265	749
1930	749
692	750
2190	750
1108	751
339	752
935	752
1080	752
1168	752
1835	752
2114	752
2044	753
82	754
331	754
1421	754
474	755
605	755
608	755
848	755
1197	755
1437	755
1868	755
1982	755
2076	755
2301	755
2322	755
2378	755
2409	755
26	756
661	757
1223	758
2273	758
2488	758
2501	759
1603	760
1427	761
1761	761
2121	761
1394	762
2197	763
595	764
2694	764
208	765
1298	765
2363	765
2458	765
2599	765
424	766
660	766
95	767
661	767
2181	767
1053	768
1325	768
2226	768
2416	768
269	769
1238	769
2382	769
150	770
512	770
653	770
808	770
1225	770
1401	770
1990	770
2395	770
135	771
1542	771
44	772
965	772
1335	772
2486	772
1306	773
137	774
249	774
417	774
795	774
1788	774
2076	774
2665	774
367	775
985	775
1142	775
1526	775
2137	775
2195	775
201	776
343	776
947	776
1106	776
1132	776
2556	776
741	777
1144	777
1153	777
1904	777
2113	777
396	778
2445	779
643	780
1077	780
1593	780
2111	780
279	781
631	782
1219	782
1507	782
215	783
848	783
901	783
986	783
454	784
1421	785
923	786
2330	786
1619	787
1718	787
1354	788
2761	788
111	789
1338	789
2256	789
125	790
1166	790
1721	790
1926	790
2027	790
2116	790
2637	790
1514	791
1815	792
199	793
339	793
411	793
553	793
1853	793
1889	793
1947	793
2120	793
1698	794
2106	794
774	795
2320	795
1290	796
2253	797
108	798
512	798
730	798
1409	798
1910	798
2307	798
2078	799
737	800
2663	800
60	801
378	801
428	801
460	801
1099	801
1129	801
1521	801
1716	801
2065	801
2422	801
370	802
1876	802
2355	802
2532	802
605	803
822	803
854	803
910	803
947	803
1168	803
1598	803
1623	803
232	804
1430	804
2123	804
1257	805
2199	805
2059	806
2338	806
2020	807
770	808
2123	809
2140	809
81	810
331	810
1132	810
1272	810
2561	810
560	811
902	811
1605	812
960	813
2146	814
2211	815
2515	815
82	816
599	816
856	816
2401	816
2419	816
2567	816
82	817
153	817
169	817
214	817
343	817
362	817
674	817
1102	817
1141	817
1364	817
1507	817
1525	817
1559	817
1725	817
1995	817
2048	817
2095	817
2298	817
2423	817
2455	817
2348	818
86	819
139	819
968	819
1625	819
1684	819
353	820
1831	820
474	821
1643	821
2048	821
2103	821
16	822
121	822
231	822
352	822
743	822
803	822
1108	822
1267	822
1359	822
1638	822
1688	822
2169	822
2338	822
2585	822
2762	822
1091	823
64	824
105	824
1347	824
1623	824
1917	824
1940	824
1982	824
1990	824
605	825
830	825
1430	825
1799	825
2086	825
2142	825
2314	825
2677	825
239	826
37	827
639	827
1034	827
1753	827
1755	827
112	828
140	828
897	828
1214	828
1245	828
1429	828
1563	828
1569	828
1904	828
2076	828
2097	828
2377	828
355	829
1164	829
1842	829
220	830
489	830
825	830
1208	830
1521	830
1659	830
1716	830
2078	830
985	831
1103	831
2026	831
2257	831
2660	831
69	832
485	832
582	832
1415	832
1815	832
1982	832
2048	832
1427	833
398	834
1888	834
2226	834
2310	834
2353	834
81	835
241	836
464	836
973	836
2381	836
2495	836
2064	837
2262	838
630	839
1013	839
1131	839
2202	839
1004	840
1299	840
2011	840
2454	840
2495	840
2583	840
1538	841
1023	842
1135	842
1528	842
1628	842
1811	842
1170	843
1660	843
2536	843
878	844
1947	844
2729	844
247	845
1037	845
2585	845
1954	846
1389	847
1395	847
1764	847
1922	847
2294	847
2612	847
755	848
783	848
1212	849
1357	850
106	851
1333	851
1399	851
1489	851
1498	851
1670	851
1905	851
2048	851
99	852
2387	852
2364	853
126	854
803	854
1187	854
1453	854
1713	854
1806	854
2069	854
2405	854
2447	855
15	856
362	856
816	856
1378	856
1429	856
1523	856
1854	856
2011	856
2342	856
2456	856
167	857
479	857
537	857
614	857
1425	858
1980	858
2269	858
2684	858
1779	859
2170	859
288	860
683	860
928	860
1823	860
741	861
307	862
161	863
401	863
973	863
1024	863
1218	863
1532	863
2348	864
135	865
196	865
325	865
403	865
546	865
705	865
1555	865
1790	865
1869	865
1937	865
2192	865
2572	865
452	866
1154	866
1446	866
2659	866
2067	867
240	868
413	868
468	868
1222	868
1241	868
1331	868
1644	868
1820	868
1985	868
2482	868
1691	869
2723	870
29	871
1508	871
2170	871
623	872
1394	872
1215	873
2005	873
2156	873
418	874
1716	874
12	875
693	875
1142	875
1730	875
1911	875
1099	876
2644	876
1888	877
2508	877
418	878
844	878
1208	879
2487	880
1464	881
506	882
1019	882
292	883
1166	883
1322	883
1250	884
52	885
48	886
344	886
418	886
428	886
668	886
1130	886
1275	886
1694	886
1945	886
2048	886
2173	886
2708	886
2054	887
1800	888
242	889
425	889
432	889
682	889
907	889
1051	889
1231	889
1796	889
1840	889
2318	889
2622	889
605	890
1914	890
2113	890
600	891
1916	892
2390	892
744	893
1053	893
1478	893
1524	893
1851	893
1217	894
554	895
1464	896
828	897
949	897
1322	897
1772	897
671	898
2546	898
1501	899
2319	899
2404	899
71	900
557	900
1738	900
2313	900
783	901
811	902
470	903
1066	903
2254	903
2583	903
1474	904
2254	904
1525	905
1945	906
181	907
889	907
1566	907
2255	908
275	909
418	909
911	909
1795	909
2151	909
2188	909
2255	909
2309	909
2568	909
741	910
803	910
1204	910
1727	910
1769	910
2200	910
437	911
443	911
909	911
947	911
1040	911
1102	911
1139	911
1993	911
2489	911
2510	911
2608	911
1270	912
1873	912
1898	912
2100	912
2115	912
2493	912
2753	912
469	913
1852	914
2630	914
2727	914
1309	915
2027	915
2637	915
64	916
265	916
954	916
1534	916
2081	916
2216	916
237	917
261	917
278	917
295	917
474	917
604	917
1061	917
1124	917
1846	917
2168	917
2170	917
2175	917
2210	917
2233	917
2306	917
2516	917
684	918
2592	918
418	919
963	919
445	920
1209	920
2310	920
91	921
955	921
1427	921
1583	922
786	923
2320	923
513	924
1421	924
295	925
1443	925
1783	925
2353	925
2564	926
2760	926
139	927
2667	927
229	928
284	928
338	928
656	928
860	928
1429	928
1627	928
1803	928
1912	928
2517	928
2702	928
240	929
511	930
44	931
1243	931
2455	931
1341	932
1774	932
1800	932
2270	932
9	933
13	933
1091	934
1424	934
752	935
947	935
505	936
2078	936
2384	936
2513	936
2681	936
226	937
455	937
594	937
1413	937
1462	937
2714	937
2672	938
1759	939
423	940
1164	940
1879	940
2115	940
2753	941
78	942
2623	942
1805	943
2465	943
2747	943
26	944
458	944
604	944
634	944
2577	944
546	945
1831	945
371	946
1341	946
1649	946
2269	946
30	947
387	947
776	947
803	947
911	947
935	947
983	947
1227	947
1253	947
1310	947
1472	947
1694	947
1811	947
2214	947
2495	947
2071	948
398	949
461	949
897	949
1345	949
1442	949
1715	949
1937	949
2028	949
2052	949
2094	949
2123	949
2135	949
2419	949
2625	949
1012	950
1555	951
1885	951
2530	951
2613	952
464	953
240	954
392	954
916	954
1945	954
108	955
921	955
1129	955
1993	955
2649	955
290	956
1509	956
674	957
690	957
2093	957
221	958
2116	959
78	960
111	960
515	960
530	960
715	960
813	960
1101	960
1272	960
1574	960
1645	960
1930	960
2013	960
2099	960
2250	960
2265	960
2277	960
2713	960
2738	960
157	961
1192	961
1399	961
1545	961
1869	961
1977	961
1997	961
2619	961
2745	961
2749	961
201	962
439	962
530	962
978	962
1059	962
1271	962
1393	962
1427	962
1727	962
2024	962
2504	962
2683	962
555	963
919	963
1322	963
2384	963
1241	964
772	965
1217	965
1236	965
2699	965
555	966
569	966
610	966
1031	966
1166	966
2127	966
2321	966
1129	967
671	968
819	968
1527	968
2331	968
455	969
1113	969
133	970
1265	970
1341	970
1562	970
2048	970
2153	970
138	971
1136	971
68	972
605	972
2522	972
18	973
836	973
863	973
1876	973
640	974
577	975
1975	975
263	976
1467	977
1863	977
2316	977
2318	977
2464	977
272	978
293	978
561	978
962	978
2473	978
2636	978
2675	978
2768	978
138	979
1619	980
1005	981
2525	981
105	982
563	982
2650	982
1	983
30	983
61	983
104	983
182	983
582	983
706	983
947	983
983	983
1102	983
1325	983
1828	983
1858	983
1912	983
2147	983
2262	983
2523	983
108	984
530	984
2034	984
222	985
278	985
303	985
689	985
775	985
831	985
1106	985
1209	985
1212	985
1925	985
2011	985
2142	985
2342	985
2649	985
590	986
783	986
2294	986
1911	987
521	988
528	988
723	988
1113	988
1846	988
2130	988
2583	988
1696	989
2213	989
2743	989
110	990
288	991
344	991
1215	991
1511	991
2158	991
2490	991
2596	991
2599	992
251	993
476	993
1694	993
1922	993
2041	993
1943	994
1022	995
1661	995
14	996
418	996
663	996
1719	996
339	997
221	998
1454	998
1971	998
2073	998
2179	998
2306	998
2468	998
2501	998
2726	998
2397	999
30	1000
2043	1000
2637	1000
622	1001
1996	1001
2067	1001
15	1002
1695	1002
1867	1002
651	1003
15	1004
840	1004
339	1005
981	1005
148	1006
1301	1006
1338	1006
2642	1006
115	1007
2039	1007
513	1008
228	1009
1741	1009
1911	1009
2021	1009
2284	1009
226	1010
2611	1010
2711	1010
2662	1011
950	1012
1362	1012
68	1013
839	1013
1212	1013
2297	1014
1387	1015
1590	1015
2666	1015
17	1016
1712	1017
722	1018
9	1019
553	1019
613	1019
882	1019
1710	1019
1798	1019
1893	1019
233	1020
1269	1020
202	1021
995	1022
1208	1022
1213	1022
1749	1022
1769	1022
415	1023
630	1023
842	1023
1211	1023
1738	1023
1784	1023
2605	1023
2748	1023
65	1024
104	1024
165	1024
455	1024
471	1024
738	1024
863	1024
1346	1024
1405	1024
1833	1024
1880	1024
2004	1024
2017	1024
2207	1024
2225	1024
2272	1024
60	1025
135	1025
189	1025
1568	1025
726	1026
1154	1026
2176	1026
1164	1027
2040	1028
1846	1029
2105	1029
2688	1029
1394	1030
966	1031
1241	1031
2673	1031
629	1032
1099	1032
1405	1032
1792	1032
1960	1032
1961	1032
2328	1032
2383	1032
2434	1032
1595	1033
1999	1033
2297	1033
827	1034
1236	1035
1398	1036
1502	1036
1636	1036
2659	1036
40	1037
419	1037
845	1037
1406	1037
2144	1037
2228	1037
1202	1038
1211	1039
2637	1039
249	1040
626	1040
911	1040
81	1041
241	1041
2109	1041
2634	1041
2070	1042
2199	1042
2648	1042
346	1043
608	1043
1617	1043
1858	1043
177	1044
1247	1044
1430	1044
1553	1044
1915	1044
2305	1044
2397	1044
1500	1045
221	1046
121	1047
2208	1048
2128	1049
2192	1049
2723	1049
377	1050
2158	1050
889	1051
293	1052
190	1053
273	1053
768	1053
893	1053
2104	1053
2344	1053
2552	1054
42	1055
2246	1055
2536	1055
543	1056
566	1057
615	1057
1282	1057
1960	1057
254	1058
8	1059
54	1059
154	1059
354	1059
589	1059
962	1059
1353	1059
2271	1059
1432	1060
917	1061
1138	1061
2073	1061
2273	1061
1770	1062
2289	1062
1456	1063
15	1064
2537	1064
1275	1065
1623	1065
903	1066
1197	1066
1220	1066
1612	1066
2631	1066
684	1067
2727	1067
1513	1068
1371	1069
1403	1070
2354	1070
343	1071
1750	1071
1898	1071
2731	1071
1099	1072
1545	1072
2155	1072
156	1073
161	1073
629	1073
1468	1073
1766	1073
2663	1073
2669	1073
2733	1073
214	1074
2048	1074
2181	1074
6	1075
103	1075
1972	1076
2338	1076
2768	1076
780	1077
2310	1078
53	1079
524	1079
529	1079
1208	1079
1213	1079
1966	1079
2067	1079
2280	1079
55	1080
108	1080
554	1080
654	1080
676	1080
752	1080
1270	1080
1310	1080
1474	1080
1501	1080
1894	1080
2042	1080
2059	1080
2068	1080
2483	1080
2531	1080
2690	1080
374	1081
2327	1081
2483	1081
2595	1081
2650	1081
229	1082
174	1083
467	1083
536	1083
1731	1083
1844	1083
370	1084
1608	1084
423	1085
2382	1085
1658	1086
1680	1086
1777	1086
2127	1087
285	1088
483	1089
509	1089
1379	1089
2071	1089
392	1090
1104	1090
1691	1090
1947	1090
1961	1090
2285	1090
523	1091
626	1091
823	1091
934	1091
2012	1091
2505	1091
687	1092
1343	1092
2365	1092
1451	1093
2327	1093
1891	1094
282	1095
638	1095
1453	1095
1896	1096
2726	1096
2297	1097
2696	1098
85	1099
664	1099
801	1099
876	1099
1032	1099
1072	1099
1108	1099
1332	1099
1335	1099
1685	1099
1898	1099
2048	1099
2060	1099
2229	1099
2382	1099
2644	1099
2753	1099
27	1100
278	1100
600	1100
1528	1100
1744	1100
1803	1100
1956	1100
2109	1100
2138	1100
2233	1100
2497	1100
159	1101
960	1101
1241	1101
1245	1101
50	1102
441	1102
817	1102
911	1102
983	1102
1772	1102
2017	1102
2360	1102
2634	1102
2742	1102
366	1103
463	1103
831	1103
1394	1103
1731	1103
1993	1103
2129	1103
2320	1103
2543	1103
2662	1103
140	1104
560	1104
1090	1104
1182	1104
1880	1104
1898	1104
2077	1105
15	1106
339	1106
776	1106
985	1106
1111	1106
1157	1106
1305	1106
1831	1106
2171	1106
2506	1106
69	1107
85	1107
427	1107
1230	1107
1470	1107
1499	1107
2297	1107
2515	1107
81	1108
95	1108
173	1108
587	1108
751	1108
822	1108
1099	1108
1599	1108
2045	1108
2109	1108
2314	1108
2327	1108
605	1109
85	1110
1106	1111
1483	1111
2700	1111
271	1112
1197	1112
1755	1112
1847	1112
2422	1112
2609	1112
722	1113
969	1113
988	1113
2632	1113
118	1114
1340	1115
1846	1116
2272	1117
1813	1118
2017	1119
351	1120
1282	1121
292	1122
593	1122
1186	1122
1528	1122
2032	1122
2141	1122
2637	1122
1937	1123
2338	1123
2	1124
917	1124
1407	1124
2596	1124
503	1125
1631	1126
365	1127
561	1127
658	1128
801	1129
955	1129
967	1129
1199	1129
886	1130
2579	1130
348	1131
839	1131
64	1132
251	1132
776	1132
810	1132
366	1133
469	1134
2108	1134
2632	1134
351	1135
842	1135
971	1136
2456	1136
1363	1137
1787	1137
1902	1137
1917	1137
1955	1137
1061	1138
1154	1138
1622	1138
1734	1138
2095	1138
2646	1138
403	1139
911	1139
1169	1139
1668	1139
1157	1140
2385	1140
91	1141
817	1141
1639	1141
1755	1141
1831	1141
2027	1141
2070	1141
64	1142
66	1142
451	1142
775	1142
875	1142
1850	1142
1997	1142
2158	1142
2499	1142
2540	1142
589	1143
596	1144
777	1144
2642	1144
164	1145
148	1146
295	1146
655	1146
2217	1146
1674	1147
339	1148
360	1148
626	1148
2193	1148
2297	1148
2606	1148
160	1149
240	1149
2272	1149
313	1150
1804	1150
1979	1150
2106	1150
2443	1150
2482	1150
2600	1150
2760	1150
1330	1151
1443	1151
5	1152
85	1153
104	1153
777	1153
1708	1153
2281	1153
2730	1153
428	1154
489	1154
544	1154
866	1154
1026	1154
1138	1154
1213	1154
513	1155
724	1156
2389	1156
250	1157
1106	1157
1140	1157
1194	1157
1367	1157
1626	1157
2721	1157
1334	1158
1525	1158
2558	1158
102	1159
608	1159
1500	1159
1193	1160
1324	1160
66	1161
1666	1162
1771	1162
2	1163
1476	1163
1540	1163
2316	1163
37	1164
829	1164
940	1164
1027	1164
2501	1164
25	1165
119	1165
1166	1165
281	1166
790	1166
883	1166
966	1166
1165	1166
1617	1166
2161	1166
2315	1166
293	1167
579	1167
643	1167
1970	1167
2731	1167
752	1168
803	1168
1577	1168
1801	1168
2387	1168
2553	1168
1139	1169
1284	1169
2430	1169
2452	1169
82	1170
149	1170
491	1170
843	1170
1269	1170
1525	1170
2133	1170
2446	1170
2316	1171
627	1172
2130	1172
1394	1173
15	1174
1454	1174
1709	1174
1727	1174
1758	1174
30	1175
1233	1175
1500	1175
1985	1175
2113	1175
2728	1175
2748	1175
218	1176
1845	1176
2282	1176
183	1177
1375	1177
1401	1177
1423	1177
2520	1177
2	1178
1532	1179
26	1180
1304	1180
107	1181
2340	1181
2707	1181
629	1182
1104	1182
1321	1182
1429	1182
1984	1182
2669	1182
2466	1183
293	1184
1420	1184
2353	1184
2310	1185
1122	1186
155	1187
624	1187
854	1187
1716	1187
2496	1187
1936	1188
2451	1188
99	1189
1247	1189
1390	1189
2628	1189
2723	1189
1516	1190
1735	1191
133	1192
566	1192
961	1192
1265	1192
1517	1192
1948	1192
1160	1193
1237	1193
2641	1193
1157	1194
343	1195
1837	1196
76	1197
284	1197
755	1197
1066	1197
1112	1197
1292	1197
1504	1197
1626	1197
1889	1197
2111	1197
2206	1197
2400	1197
2456	1197
26	1198
228	1198
2279	1198
1129	1199
1343	1199
2291	1199
431	1200
1764	1200
61	1201
719	1201
1685	1201
1771	1201
2119	1201
2724	1201
1038	1202
2469	1202
1298	1203
2257	1203
589	1204
910	1204
1312	1204
1733	1204
485	1205
553	1205
1867	1205
2136	1205
418	1206
1837	1207
2097	1207
830	1208
879	1208
1022	1208
1079	1208
1265	1208
1772	1208
1829	1208
1979	1208
2524	1208
2594	1208
84	1209
485	1209
497	1209
515	1209
920	1209
985	1209
1323	1209
1620	1209
1740	1209
1823	1209
1881	1209
1918	1209
2169	1209
2230	1209
2266	1209
2327	1209
2507	1209
2536	1209
2734	1209
2735	1209
595	1210
2754	1210
1023	1211
1039	1211
1379	1211
329	1212
665	1212
849	1212
985	1212
1013	1212
423	1213
1022	1213
1079	1213
1154	1213
1331	1213
1668	1213
1749	1213
1982	1213
2368	1213
105	1214
828	1214
2290	1214
2456	1214
14	1215
187	1215
253	1215
378	1215
667	1215
873	1215
991	1215
1803	1215
2231	1215
2397	1215
2477	1215
2640	1215
2686	1215
2387	1216
158	1217
314	1217
894	1217
965	1217
1885	1217
863	1218
2193	1218
2236	1218
201	1219
647	1219
782	1219
1383	1219
1597	1219
2228	1219
1066	1220
1259	1220
1607	1220
2044	1220
2262	1220
2057	1221
868	1222
1795	1222
2065	1222
2088	1222
2129	1222
169	1223
758	1223
1316	1223
423	1224
415	1225
770	1225
2420	1225
2596	1225
553	1226
1764	1226
584	1227
947	1227
1719	1227
1829	1228
2335	1228
1603	1229
2434	1229
1107	1230
15	1231
236	1231
889	1231
1545	1231
1557	1231
1639	1231
1729	1231
1823	1231
1851	1231
2338	1231
2409	1231
624	1232
1670	1232
1728	1232
1830	1232
2256	1232
1175	1233
148	1234
1507	1234
2338	1234
649	1235
118	1236
452	1236
515	1236
636	1236
965	1236
1035	1236
1404	1236
1940	1236
2094	1236
2401	1236
2439	1236
2463	1236
68	1237
343	1237
1193	1237
2701	1237
769	1238
388	1239
1450	1239
62	1240
417	1240
111	1241
335	1241
345	1241
453	1241
868	1241
964	1241
1031	1241
1101	1241
1601	1241
1847	1241
1928	1241
2653	1241
2666	1241
2735	1241
339	1242
649	1243
931	1243
1494	1243
2478	1243
1680	1244
473	1245
717	1245
828	1245
1101	1245
2210	1245
1293	1246
2	1247
60	1247
141	1247
213	1247
1044	1247
1189	1247
1851	1247
2338	1247
1857	1248
1713	1249
884	1250
1605	1250
155	1251
1694	1252
947	1253
1305	1253
1771	1253
1812	1253
163	1254
689	1254
1293	1255
2014	1255
2148	1255
2581	1255
1610	1256
2427	1256
805	1257
1989	1257
2151	1257
555	1258
1330	1258
2070	1258
2207	1258
186	1259
252	1259
373	1259
1220	1259
1728	1259
1997	1259
2528	1259
2604	1259
738	1260
2254	1260
2634	1260
2149	1261
2367	1261
80	1262
1269	1262
1817	1262
2570	1262
416	1263
1342	1264
1920	1264
2268	1264
86	1265
719	1265
749	1265
970	1265
1192	1265
1208	1265
1413	1265
1427	1265
1650	1265
1812	1265
1888	1265
2209	1265
2248	1265
1677	1266
822	1267
1281	1267
2316	1268
376	1269
427	1269
1020	1269
1170	1269
1262	1269
1520	1269
1526	1269
1612	1269
1748	1269
1860	1269
2398	1269
2457	1269
2707	1269
551	1270
912	1270
1080	1270
1384	1270
1652	1270
1716	1270
2605	1270
962	1271
2200	1271
17	1272
131	1272
632	1272
810	1272
960	1272
1322	1272
2190	1273
598	1274
417	1275
652	1275
886	1275
1065	1275
1302	1275
2725	1275
15	1276
1552	1276
2467	1276
2683	1276
1852	1277
2097	1277
2222	1277
2603	1277
302	1278
611	1279
511	1280
2632	1280
428	1281
1267	1281
2221	1281
103	1282
211	1282
618	1282
1057	1282
1121	1282
1325	1282
1831	1282
1837	1282
2144	1282
2151	1282
2602	1282
2689	1282
2433	1283
2665	1283
454	1284
1169	1284
2729	1284
1606	1285
1533	1286
464	1287
1680	1287
298	1288
590	1288
1691	1288
2326	1288
521	1289
2176	1289
2344	1289
796	1290
2593	1290
1523	1291
735	1292
1197	1292
1542	1292
2144	1292
50	1293
1246	1293
1255	1293
2065	1293
2456	1293
2706	1293
316	1294
391	1294
1803	1294
1815	1294
1308	1295
2302	1296
1680	1297
509	1298
765	1298
1203	1298
840	1299
2727	1299
625	1300
250	1301
463	1301
579	1301
1006	1301
1534	1301
1546	1301
1680	1301
1741	1301
1878	1301
2335	1301
2490	1301
2563	1301
2672	1301
123	1302
248	1302
408	1302
581	1302
700	1302
1275	1302
1867	1302
1889	1302
1901	1302
1943	1302
2074	1302
2496	1302
2518	1302
2554	1302
729	1303
1180	1304
632	1305
1106	1305
1253	1305
773	1306
2316	1306
473	1307
1295	1308
2040	1308
2585	1308
146	1309
915	1309
555	1310
947	1310
1080	1310
2714	1311
316	1312
1204	1312
1321	1312
1460	1312
1696	1312
1823	1312
2124	1312
2130	1312
2708	1312
2024	1313
25	1314
158	1314
362	1314
1527	1314
1564	1314
1586	1314
1770	1314
1889	1314
2379	1314
2660	1314
2730	1314
2310	1315
2378	1315
554	1316
1223	1316
1911	1316
2170	1316
2353	1316
349	1317
242	1318
1417	1318
2344	1318
2687	1318
1676	1319
2496	1319
2585	1319
389	1320
690	1320
1665	1320
1792	1320
2504	1320
2665	1320
2760	1320
1182	1321
1312	1321
64	1322
166	1322
883	1322
897	1322
963	1322
1272	1322
1851	1322
2001	1322
1209	1323
108	1324
1160	1324
1496	1324
269	1325
349	1325
768	1325
983	1325
1282	1325
1593	1325
2417	1325
87	1326
2048	1326
2439	1326
2647	1326
2	1327
1409	1327
2509	1327
2414	1328
8	1329
545	1330
1151	1330
1258	1330
1764	1330
358	1331
868	1331
1213	1331
1570	1331
1694	1331
1753	1331
2204	1331
30	1332
1099	1332
1471	1332
1735	1332
2264	1332
2472	1332
2506	1332
279	1333
398	1333
851	1333
2260	1333
1158	1334
342	1335
430	1335
585	1335
772	1335
1099	1335
2018	1335
2114	1335
2116	1335
2359	1335
1813	1336
249	1337
127	1338
555	1338
610	1338
789	1338
1006	1338
1616	1338
1851	1338
1875	1338
2014	1338
2050	1338
2562	1338
2508	1339
396	1340
1115	1340
731	1341
932	1341
946	1341
970	1341
2586	1341
1264	1342
85	1343
484	1343
593	1343
1092	1343
1199	1343
1586	1343
1705	1343
1754	1343
1765	1343
2536	1343
2690	1343
190	1344
694	1344
2102	1344
32	1345
334	1345
512	1345
949	1345
1421	1345
1952	1345
2220	1345
1024	1346
1994	1346
105	1347
824	1347
1949	1347
450	1348
567	1349
244	1350
213	1351
140	1352
77	1353
424	1353
1059	1353
1923	1353
788	1354
1437	1354
1831	1354
1865	1354
2021	1354
2113	1354
2114	1355
61	1356
850	1357
1985	1357
2421	1357
339	1358
584	1358
2028	1358
2314	1358
822	1359
705	1360
2055	1361
301	1362
1012	1362
1137	1363
2727	1363
817	1364
24	1365
108	1365
2316	1365
2338	1365
2498	1365
67	1366
411	1367
735	1367
1157	1367
1579	1367
1628	1367
1653	1367
1514	1368
2048	1368
211	1369
135	1370
1680	1370
428	1371
1069	1371
1772	1371
657	1372
2400	1373
132	1374
584	1374
2105	1374
2442	1374
2599	1374
225	1375
550	1375
1177	1375
1469	1375
2343	1375
2502	1376
26	1377
2311	1377
2376	1377
856	1378
1728	1378
1755	1378
1089	1379
1211	1379
2622	1379
1772	1380
1394	1381
295	1382
2346	1382
1219	1383
2640	1383
394	1384
605	1384
678	1384
1270	1384
1476	1384
1540	1384
1700	1384
1792	1384
1978	1384
2367	1384
2467	1384
2704	1384
1901	1385
2453	1386
1015	1387
455	1388
1927	1388
847	1389
26	1390
397	1390
1189	1390
2482	1391
494	1392
1489	1392
2157	1392
326	1393
352	1393
962	1393
57	1394
60	1394
82	1394
95	1394
271	1394
674	1394
675	1394
681	1394
762	1394
872	1394
1030	1394
1103	1394
1173	1394
1381	1394
1762	1394
2036	1394
2422	1394
2443	1394
2681	1394
2743	1394
2765	1394
26	1395
515	1395
847	1395
1396	1395
1973	1395
2461	1395
2598	1395
618	1396
1395	1396
1611	1396
1811	1396
4	1397
103	1397
2079	1397
1036	1398
2061	1398
2097	1398
2634	1398
851	1399
961	1399
1719	1399
2241	1399
2681	1399
150	1400
770	1401
1177	1401
1876	1401
2453	1402
2469	1402
1070	1403
1236	1404
1024	1405
1032	1405
1554	1405
1950	1405
2338	1405
1037	1406
1442	1406
1453	1406
2528	1406
425	1407
589	1407
1124	1407
1473	1407
2294	1407
1946	1408
798	1409
1327	1409
2076	1410
1822	1411
2065	1411
2356	1411
364	1412
2038	1412
937	1413
1265	1413
2208	1413
598	1414
78	1415
304	1415
832	1415
1581	1415
1930	1415
2447	1415
2587	1416
313	1417
458	1417
626	1417
1318	1417
1626	1417
1933	1417
2099	1417
335	1418
95	1419
230	1419
1807	1419
1846	1419
1885	1419
2256	1419
246	1420
288	1420
1184	1420
2763	1420
191	1421
754	1421
785	1421
924	1421
1345	1421
2076	1421
2079	1421
2081	1421
2285	1422
1177	1423
1765	1423
2322	1423
152	1424
934	1424
1935	1424
2288	1424
2297	1424
85	1425
858	1425
1586	1425
1872	1425
2070	1425
2444	1425
1716	1426
1942	1426
613	1427
761	1427
833	1427
921	1427
962	1427
1265	1427
1523	1427
1570	1427
1694	1427
2367	1427
2519	1427
2672	1427
1989	1428
521	1429
828	1429
856	1429
928	1429
1182	1429
1536	1429
2432	1429
51	1430
804	1430
825	1430
1044	1430
1459	1430
2665	1430
469	1431
1846	1431
1927	1431
1947	1431
2511	1431
1060	1432
2724	1432
1564	1433
665	1434
2660	1434
236	1435
550	1435
605	1435
1551	1435
2169	1435
2751	1435
1541	1436
755	1437
1354	1437
1515	1438
2297	1439
1447	1440
2074	1440
1641	1441
1786	1441
410	1442
418	1442
438	1442
949	1442
1406	1442
1719	1442
2308	1442
2499	1442
925	1443
1151	1443
11	1444
2728	1444
2743	1444
625	1445
866	1446
2094	1446
26	1447
1440	1447
2282	1447
1460	1448
2226	1448
2231	1449
85	1450
1239	1450
1093	1451
2332	1451
2744	1451
1792	1452
571	1453
738	1453
854	1453
1095	1453
1406	1453
1955	1453
998	1454
1174	1454
1797	1454
2089	1454
628	1455
399	1456
1063	1456
1656	1456
1931	1456
2207	1456
2257	1457
1834	1458
2612	1458
1430	1459
1312	1460
1448	1460
149	1461
167	1461
2360	1461
85	1462
149	1462
315	1462
405	1462
937	1462
1600	1462
2224	1462
2433	1462
271	1463
1669	1463
2347	1463
881	1464
896	1464
1701	1464
2665	1464
597	1465
1781	1466
977	1467
313	1468
1073	1468
1629	1468
1699	1468
253	1469
510	1469
1375	1469
2399	1469
1107	1470
2094	1470
2508	1470
2699	1470
536	1471
595	1471
1332	1471
1911	1471
2054	1471
2075	1471
2076	1471
2109	1471
2526	1471
2602	1471
947	1472
1407	1473
386	1474
904	1474
1080	1474
1501	1474
2145	1474
2434	1474
1911	1475
2338	1475
1163	1476
1384	1476
1763	1477
893	1478
302	1479
2313	1479
2044	1480
2222	1480
2570	1481
185	1482
505	1482
1111	1483
401	1484
2316	1485
495	1486
149	1487
240	1488
1785	1488
2043	1488
146	1489
851	1489
1392	1489
2612	1489
2686	1489
27	1490
2294	1490
2323	1490
2250	1491
2361	1491
1889	1492
111	1493
2316	1493
2720	1493
566	1494
630	1494
1243	1494
2318	1494
2682	1494
65	1495
542	1495
1324	1496
1593	1496
326	1497
851	1498
2453	1498
1107	1499
176	1500
1045	1500
1159	1500
1175	1500
548	1501
899	1501
1080	1501
1474	1501
1617	1501
2067	1501
68	1502
435	1502
1036	1502
16	1503
307	1503
610	1503
1952	1503
2010	1503
2065	1503
2172	1503
2415	1503
2506	1503
694	1504
1197	1504
1869	1504
2641	1505
2683	1505
2139	1506
539	1507
706	1507
782	1507
817	1507
1234	1507
1707	1507
2325	1507
2364	1507
2416	1507
2467	1507
871	1508
1719	1508
2285	1508
956	1509
2147	1509
2682	1509
1691	1510
1784	1510
1883	1510
423	1511
438	1511
991	1511
2025	1511
2716	1511
2316	1512
493	1513
1068	1513
157	1514
478	1514
791	1514
1368	1514
1521	1514
1611	1514
1760	1514
1872	1514
2268	1514
2390	1514
2461	1514
1438	1515
1190	1516
2048	1516
1192	1517
2636	1517
735	1518
740	1519
2314	1519
2473	1519
424	1520
1269	1520
2626	1520
552	1521
801	1521
830	1521
1514	1521
1552	1521
2267	1521
745	1522
444	1523
452	1523
569	1523
856	1523
1291	1523
1427	1523
1544	1523
2023	1523
2266	1523
893	1524
2433	1524
23	1525
252	1525
418	1525
590	1525
817	1525
905	1525
1158	1525
1170	1525
1639	1525
1786	1525
743	1526
775	1526
1269	1526
1809	1526
188	1527
279	1527
689	1527
968	1527
1314	1527
1717	1527
1753	1527
2085	1527
2207	1527
2393	1527
2442	1527
214	1528
842	1528
1100	1528
1122	1528
1800	1528
2078	1528
2303	1528
2402	1528
2674	1528
2021	1529
448	1530
353	1531
863	1532
1179	1532
2353	1532
2640	1532
1286	1533
2384	1533
195	1534
605	1534
916	1534
1301	1534
2596	1535
1429	1536
2669	1536
168	1537
360	1537
486	1537
1692	1537
2143	1537
349	1538
841	1538
1567	1538
1659	1539
1163	1540
1384	1540
2432	1540
127	1541
293	1541
517	1541
709	1541
747	1541
1436	1541
360	1542
771	1542
1292	1542
1981	1542
2286	1542
2419	1543
2740	1543
108	1544
462	1544
1523	1544
2093	1544
2348	1544
2466	1544
2622	1544
258	1545
961	1545
1072	1545
1231	1545
1778	1545
1789	1545
2072	1545
204	1546
1301	1546
2220	1546
2585	1546
2250	1547
688	1548
1600	1548
513	1549
2030	1549
150	1550
215	1550
1886	1550
2316	1550
1435	1551
348	1552
1276	1552
1521	1552
1701	1552
120	1553
1044	1553
103	1554
1405	1554
2098	1554
2158	1554
163	1555
865	1555
951	1555
736	1556
1819	1556
2545	1556
1231	1557
1820	1557
2026	1557
2637	1557
2504	1558
817	1559
1687	1559
2053	1559
2394	1559
2645	1559
1610	1560
2021	1561
699	1562
970	1562
131	1563
161	1563
828	1563
1697	1563
2114	1563
1314	1564
1433	1564
1753	1565
1785	1565
2434	1565
907	1566
1538	1567
1716	1567
1997	1567
2147	1567
649	1568
1025	1568
1769	1568
1929	1568
2029	1568
2072	1568
2489	1568
828	1569
2071	1569
670	1570
1331	1570
1427	1570
1617	1570
2314	1570
2420	1570
2444	1570
275	1571
1910	1571
2554	1571
246	1572
575	1572
1943	1573
2681	1573
378	1574
420	1574
960	1574
1587	1574
2219	1574
2364	1574
2534	1574
464	1575
1753	1576
2355	1576
2632	1576
2683	1576
1168	1577
1831	1578
2493	1578
1367	1579
1845	1579
1782	1580
1415	1581
1823	1582
2521	1582
53	1583
576	1583
605	1583
615	1583
922	1583
1735	1583
30	1584
2737	1584
1885	1585
2297	1585
37	1586
177	1586
246	1586
373	1586
377	1586
461	1586
726	1586
1314	1586
1343	1586
1425	1586
1688	1586
1753	1586
1755	1586
2103	1586
2237	1586
2356	1586
2489	1586
2577	1586
2657	1586
60	1587
1574	1587
2338	1587
2508	1587
11	1588
2124	1589
2340	1589
207	1590
1015	1590
2048	1590
2203	1590
530	1591
1823	1591
2065	1591
2287	1591
177	1592
1836	1592
2248	1592
2337	1592
2596	1592
2740	1592
780	1593
1325	1593
1496	1593
1829	1593
1963	1594
2096	1594
723	1595
730	1595
1033	1595
1823	1595
2733	1596
233	1597
1219	1597
530	1598
803	1598
1108	1599
1604	1599
2729	1599
1462	1600
1548	1600
2211	1600
1241	1601
1832	1601
2444	1601
2640	1602
760	1603
1229	1603
2187	1603
2221	1603
2252	1603
2416	1603
1599	1604
1628	1604
2183	1604
456	1605
812	1605
1250	1605
1936	1605
246	1606
303	1606
1285	1606
2115	1606
1220	1607
1713	1607
2065	1607
1084	1608
2579	1608
2200	1609
2467	1609
171	1610
1256	1610
1560	1610
2390	1610
2496	1610
1396	1611
1514	1611
2322	1611
730	1612
1066	1612
1269	1612
373	1613
158	1614
1639	1614
1785	1614
1831	1614
1937	1614
2309	1614
2200	1615
1338	1616
1749	1616
2299	1616
2647	1616
82	1617
518	1617
1043	1617
1166	1617
1501	1617
1570	1617
1870	1617
2116	1617
2119	1617
2124	1617
2032	1618
729	1619
787	1619
980	1619
1911	1619
632	1620
1209	1620
1930	1620
2297	1620
122	1621
129	1621
15	1622
1138	1622
652	1623
803	1623
824	1623
1065	1623
2338	1623
1869	1624
819	1625
1157	1626
1197	1626
1417	1626
2422	1626
595	1627
928	1627
192	1628
439	1628
842	1628
1367	1628
1604	1628
1785	1628
1888	1628
2490	1628
639	1629
1468	1629
2527	1629
81	1630
336	1630
547	1630
2316	1630
183	1631
303	1631
1126	1631
2577	1631
2659	1631
458	1632
1909	1632
2212	1633
216	1634
605	1634
1710	1634
2409	1634
705	1635
65	1636
77	1636
470	1636
511	1636
1036	1636
2403	1636
454	1637
2067	1637
822	1638
609	1639
659	1639
1141	1639
1231	1639
1525	1639
1614	1639
1858	1640
87	1641
1441	1641
1764	1641
1840	1642
2205	1642
821	1643
2448	1643
97	1644
868	1644
2113	1644
339	1645
960	1645
2209	1645
1846	1646
2123	1646
2510	1646
211	1647
2039	1647
2510	1647
293	1648
946	1649
2324	1649
2390	1649
2738	1649
1265	1650
1900	1650
28	1651
1270	1652
48	1653
465	1653
1367	1653
2093	1653
2048	1654
2052	1655
1456	1656
1765	1657
1086	1658
14	1659
345	1659
830	1659
1539	1659
4	1660
587	1660
729	1660
843	1660
1680	1660
1682	1660
2184	1660
2546	1660
995	1661
1713	1661
2688	1662
2003	1663
625	1664
1759	1664
1320	1665
2727	1665
1162	1666
1851	1666
276	1667
1982	1667
2230	1667
108	1668
1139	1668
1213	1668
1925	1668
54	1669
381	1669
589	1669
1463	1669
1729	1669
1918	1669
1924	1669
2397	1669
2600	1669
851	1670
1232	1670
1725	1670
1828	1670
26	1671
349	1671
687	1671
1772	1671
2367	1671
2621	1671
2465	1672
255	1673
381	1674
1147	1674
2718	1674
461	1675
2045	1675
293	1676
534	1676
1319	1676
1826	1676
1266	1677
2766	1678
489	1679
1881	1679
2232	1679
72	1680
460	1680
530	1680
550	1680
727	1680
1086	1680
1244	1680
1287	1680
1297	1680
1301	1680
1370	1680
1660	1680
2144	1680
2228	1680
2280	1680
2700	1680
1888	1681
277	1682
1660	1682
1744	1682
1898	1682
1713	1683
819	1684
145	1685
357	1685
374	1685
1099	1685
1201	1685
1701	1685
1746	1685
1785	1685
1803	1685
314	1686
1940	1686
1559	1687
2282	1687
2316	1687
2653	1687
822	1688
1586	1688
2141	1688
2174	1688
2338	1688
313	1689
403	1690
869	1691
1090	1691
1288	1691
1510	1691
175	1692
209	1692
672	1692
1537	1692
1930	1692
2659	1692
714	1693
368	1694
886	1694
947	1694
993	1694
1252	1694
1331	1694
1427	1694
1854	1694
1940	1694
1982	1694
2438	1694
2523	1694
2632	1694
2749	1694
411	1695
1002	1695
2694	1695
989	1696
1312	1696
1563	1697
2218	1697
2460	1697
2728	1697
794	1698
1774	1698
1961	1698
2071	1698
201	1699
676	1699
1468	1699
1757	1699
2031	1699
30	1700
253	1700
315	1700
520	1700
1384	1700
2140	1700
2177	1700
2741	1700
165	1701
255	1701
428	1701
1464	1701
1552	1701
1685	1701
2250	1702
144	1703
2223	1703
2382	1704
1343	1705
1928	1706
609	1707
1507	1707
15	1708
423	1708
1153	1708
2053	1708
2211	1708
2224	1708
108	1709
1174	1709
2273	1709
155	1710
1019	1710
1634	1710
1780	1711
577	1712
1017	1712
96	1713
429	1713
608	1713
854	1713
1249	1713
1607	1713
1661	1713
1683	1713
2116	1713
2141	1713
2202	1713
2296	1713
2304	1713
2464	1713
2615	1713
2643	1713
525	1714
2243	1714
2476	1714
247	1715
447	1715
676	1715
949	1715
1727	1715
2032	1715
2513	1715
2596	1715
550	1716
801	1716
830	1716
874	1716
1187	1716
1270	1716
1426	1716
1567	1716
1988	1716
2196	1716
2226	1716
2494	1716
1527	1717
2628	1717
2645	1717
787	1718
14	1719
372	1719
452	1719
996	1719
1227	1719
1399	1719
1442	1719
1508	1719
2355	1719
2516	1719
742	1720
790	1721
315	1722
2304	1722
512	1723
2021	1723
2247	1723
178	1724
659	1724
414	1725
452	1725
817	1725
1670	1725
1772	1725
2398	1725
380	1726
910	1727
962	1727
1174	1727
1715	1727
14	1728
15	1728
26	1728
64	1728
234	1728
515	1728
537	1728
1232	1728
1259	1728
1378	1728
1959	1728
2000	1728
2031	1728
2612	1728
2753	1728
411	1729
651	1729
1231	1729
1669	1729
2122	1729
2228	1729
2687	1729
875	1730
2081	1730
2679	1730
332	1731
399	1731
481	1731
1083	1731
1103	1731
2016	1731
2374	1731
2234	1732
138	1733
418	1733
1204	1733
1138	1734
2285	1734
289	1735
1191	1735
1332	1735
1583	1735
218	1736
314	1737
360	1738
900	1738
1023	1738
2645	1738
236	1739
2118	1739
2714	1739
471	1740
675	1740
1209	1740
1009	1741
1301	1741
2316	1741
2632	1741
64	1742
401	1742
2176	1743
555	1744
708	1744
1100	1744
1682	1744
2603	1744
440	1745
650	1745
14	1746
1685	1746
1854	1746
2692	1746
2439	1747
206	1748
1269	1748
1022	1749
1213	1749
1616	1749
674	1750
1071	1750
177	1751
2316	1752
110	1753
295	1753
296	1753
435	1753
538	1753
645	1753
827	1753
1331	1753
1527	1753
1565	1753
1576	1753
1586	1753
2146	1753
2312	1753
2316	1753
2382	1753
2521	1753
2708	1753
1343	1754
2565	1754
158	1755
597	1755
827	1755
1112	1755
1141	1755
1378	1755
1586	1755
1758	1755
1853	1755
2149	1755
2173	1755
2188	1755
2200	1755
2266	1755
2373	1755
2545	1755
2745	1755
442	1756
45	1757
1699	1757
2032	1757
2649	1757
78	1758
95	1758
210	1758
674	1758
1174	1758
1755	1758
59	1759
282	1759
327	1759
335	1759
381	1759
939	1759
1664	1759
1889	1759
1907	1759
2216	1759
2449	1759
2461	1759
76	1760
138	1760
1514	1760
1772	1760
1816	1760
2147	1760
2240	1760
2504	1760
2714	1760
761	1761
2106	1761
1394	1762
2330	1762
1477	1763
12	1764
112	1764
206	1764
231	1764
577	1764
642	1764
847	1764
1200	1764
1226	1764
1330	1764
1641	1764
1852	1764
1903	1764
2324	1764
2598	1764
527	1765
575	1765
661	1765
1343	1765
1423	1765
1657	1765
439	1766
1073	1766
1917	1767
2297	1768
335	1769
569	1769
910	1769
1022	1769
1568	1769
2432	1769
2705	1769
416	1770
458	1770
650	1770
730	1770
1062	1770
1314	1770
1813	1770
1859	1770
1865	1770
2240	1770
2371	1770
276	1771
1162	1771
1201	1771
1253	1771
504	1772
897	1772
1102	1772
1208	1772
1371	1772
1380	1772
1671	1772
1725	1772
1760	1772
1785	1772
377	1773
2145	1773
2191	1773
932	1774
1698	1774
200	1775
99	1776
293	1776
409	1776
435	1776
550	1776
2512	1776
1086	1777
2076	1777
2564	1777
1545	1778
2438	1778
149	1779
859	1779
2209	1779
318	1780
605	1780
1711	1780
1466	1781
1580	1782
925	1783
1023	1784
1510	1784
95	1785
342	1785
614	1785
1488	1785
1565	1785
1614	1785
1628	1785
1685	1785
1772	1785
2173	1785
2202	1785
2358	1785
2500	1785
1441	1786
1525	1786
2145	1786
1137	1787
2346	1787
2763	1787
774	1788
1803	1788
2461	1788
2493	1788
2746	1788
1545	1789
381	1790
865	1790
276	1791
348	1791
259	1792
1032	1792
1320	1792
1384	1792
1452	1792
2612	1792
2613	1792
2072	1793
1830	1794
2202	1794
2328	1794
2344	1794
2564	1794
372	1795
909	1795
1222	1795
527	1796
889	1796
2127	1796
2713	1796
244	1797
1454	1797
2336	1797
2708	1797
288	1798
404	1798
1019	1798
1815	1798
1831	1798
61	1799
216	1799
825	1799
1815	1799
2400	1799
2480	1799
888	1800
932	1800
1528	1800
1168	1801
2097	1802
68	1803
78	1803
205	1803
253	1803
337	1803
532	1803
928	1803
1100	1803
1215	1803
1294	1803
1685	1803
1788	1803
1813	1803
1872	1803
1917	1803
1986	1803
2338	1803
2569	1803
2612	1803
2640	1803
2650	1803
2737	1803
284	1804
1150	1804
943	1805
854	1806
1419	1807
1886	1808
1526	1809
25	1810
105	1810
214	1810
716	1810
2025	1810
75	1811
309	1811
842	1811
947	1811
1396	1811
2111	1811
2379	1811
1253	1812
1265	1812
57	1813
164	1813
166	1813
295	1813
531	1813
684	1813
745	1813
747	1813
1118	1813
1336	1813
1770	1813
1803	1813
2187	1813
2416	1813
2463	1813
2485	1813
2735	1813
514	1814
792	1815
832	1815
1294	1815
1798	1815
1799	1815
271	1816
1760	1816
1994	1816
2228	1816
2280	1816
2728	1816
1262	1817
328	1818
734	1818
2315	1818
2434	1818
109	1819
1556	1819
2541	1819
577	1820
736	1820
868	1820
1557	1820
2411	1820
2461	1820
73	1821
201	1821
423	1821
535	1821
2182	1821
85	1822
1411	1822
1939	1822
25	1823
73	1823
284	1823
348	1823
382	1823
448	1823
480	1823
860	1823
1209	1823
1231	1823
1312	1823
1582	1823
1591	1823
1595	1823
2032	1823
2124	1823
2277	1823
2316	1823
2512	1823
2518	1823
2762	1823
2297	1824
2343	1824
2671	1825
329	1826
737	1826
1676	1826
1837	1826
2169	1826
2327	1826
293	1827
983	1828
1670	1828
1879	1828
2297	1828
2493	1828
108	1829
423	1829
1208	1829
1228	1829
1593	1829
2103	1829
2483	1829
2589	1829
72	1830
1232	1830
1794	1830
71	1831
92	1831
154	1831
423	1831
820	1831
945	1831
1106	1831
1141	1831
1282	1831
1354	1831
1578	1831
1614	1831
1798	1831
1843	1831
1846	1831
1915	1831
2124	1831
2647	1831
2761	1831
1601	1832
1024	1833
1458	1834
1974	1834
2516	1834
752	1835
185	1836
481	1836
1592	1836
2293	1836
2689	1836
382	1837
469	1837
738	1837
1196	1837
1207	1837
1282	1837
1826	1837
2174	1838
209	1839
14	1840
254	1840
515	1840
889	1840
1642	1840
2338	1840
218	1841
273	1841
1892	1841
2164	1841
2702	1841
829	1842
1831	1843
66	1844
1083	1844
2481	1844
2555	1844
151	1845
1176	1845
1579	1845
320	1846
377	1846
917	1846
988	1846
1029	1846
1116	1846
1419	1846
1431	1846
1646	1846
1831	1846
2562	1846
2631	1846
1112	1847
1241	1847
2602	1847
2658	1847
58	1848
2210	1848
2623	1849
1142	1850
140	1851
309	1851
893	1851
1231	1851
1247	1851
1322	1851
1338	1851
1666	1851
1956	1851
914	1852
1277	1852
1764	1852
515	1853
606	1853
793	1853
1755	1853
2445	1853
99	1854
231	1854
538	1854
856	1854
1694	1854
1746	1854
2495	1854
548	1855
2438	1856
1248	1857
2056	1857
983	1858
1043	1858
1640	1858
2012	1858
2206	1858
2642	1858
108	1859
1770	1859
2356	1859
358	1860
714	1860
1269	1860
2394	1860
128	1861
2521	1861
583	1862
2508	1862
579	1863
977	1863
2129	1863
2295	1863
2464	1863
2564	1863
2637	1863
111	1864
423	1864
1354	1865
1770	1865
2490	1865
630	1866
417	1867
630	1867
1002	1867
1205	1867
1302	1867
2284	1867
2422	1867
755	1868
218	1869
423	1869
865	1869
961	1869
1504	1869
1624	1869
2511	1869
2523	1869
2602	1869
2715	1869
1617	1870
2060	1870
2608	1871
408	1872
746	1872
1425	1872
1514	1872
1803	1872
2098	1872
2589	1872
912	1873
1893	1873
2233	1873
2280	1873
2645	1874
1338	1875
802	1876
973	1876
1401	1876
2171	1877
649	1878
1301	1878
2574	1878
50	1879
940	1879
1828	1879
1024	1880
1104	1880
429	1881
1209	1881
1679	1881
2048	1881
2419	1882
625	1883
1510	1883
2412	1883
2461	1884
405	1885
511	1885
951	1885
1217	1885
1419	1885
1585	1885
1550	1886
1808	1886
2107	1886
681	1887
834	1888
877	1888
1265	1888
1628	1888
1681	1888
2628	1888
58	1889
191	1889
343	1889
793	1889
1197	1889
1302	1889
1314	1889
1492	1889
1759	1889
1965	1889
2020	1889
2473	1889
265	1890
316	1890
26	1891
1094	1891
2122	1891
2188	1891
2318	1891
2630	1891
2647	1891
1841	1892
1019	1893
1873	1893
1080	1894
2005	1894
2721	1894
118	1895
1096	1896
2158	1897
2513	1897
241	1898
684	1898
912	1898
1071	1898
1099	1898
1104	1898
1682	1898
2076	1898
2392	1899
258	1900
632	1900
1650	1900
1977	1900
46	1901
1302	1901
1385	1901
2169	1901
1137	1902
1764	1903
340	1904
723	1904
777	1904
828	1904
2626	1904
851	1905
348	1906
1997	1906
2145	1906
2618	1906
284	1907
1759	1907
269	1908
2124	1908
631	1909
1632	1909
9	1910
262	1910
798	1910
1571	1910
94	1911
292	1911
449	1911
474	1911
875	1911
987	1911
1009	1911
1316	1911
1471	1911
1475	1911
1619	1911
1921	1911
1951	1911
2009	1911
2075	1911
2316	1911
2440	1911
2545	1911
2609	1911
607	1912
928	1912
983	1912
2046	1913
2224	1913
890	1914
1044	1915
1831	1915
892	1916
2021	1916
95	1917
824	1917
1137	1917
1767	1917
1803	1917
1952	1917
2627	1917
1209	1918
1669	1918
2065	1918
2748	1918
68	1919
266	1919
458	1919
427	1920
1264	1920
2367	1920
2422	1920
26	1921
728	1921
1911	1921
435	1922
847	1922
993	1922
2382	1922
2642	1922
321	1923
1353	1923
2065	1923
2555	1923
2634	1923
1669	1924
429	1925
985	1925
1668	1925
790	1926
1934	1926
2483	1926
1388	1927
1431	1927
2656	1927
1241	1928
1706	1928
1568	1929
26	1930
42	1930
49	1930
749	1930
960	1930
1415	1930
1620	1930
1692	1930
2076	1930
2649	1930
30	1931
1456	1931
2429	1932
258	1933
615	1933
1417	1933
1926	1934
2324	1934
1424	1935
5	1936
718	1936
1188	1936
1605	1936
238	1937
267	1937
425	1937
522	1937
735	1937
865	1937
949	1937
1123	1937
1614	1937
2025	1937
2316	1937
2525	1937
19	1938
1822	1939
1992	1939
2492	1939
824	1940
1236	1940
1686	1940
1694	1940
589	1941
676	1941
1426	1942
64	1943
194	1943
321	1943
530	1943
572	1943
994	1943
1302	1943
1573	1943
2323	1943
2570	1943
2670	1943
9	1944
435	1944
2110	1944
78	1945
221	1945
886	1945
906	1945
954	1945
114	1946
505	1946
646	1946
1408	1946
793	1947
844	1947
1090	1947
1431	1947
2527	1947
2	1948
1192	1948
261	1949
1347	1949
462	1950
1405	1950
2388	1950
530	1951
660	1951
690	1951
1911	1951
2234	1951
2467	1951
2761	1951
1345	1952
1503	1952
1917	1952
2080	1952
2255	1952
19	1953
242	1953
2078	1953
10	1954
846	1954
2279	1954
2326	1954
256	1955
1137	1955
1453	1955
2211	1955
2664	1955
2703	1955
190	1956
372	1956
608	1956
1100	1956
1851	1956
730	1957
2324	1957
2409	1957
2109	1958
2261	1958
176	1959
473	1959
508	1959
1728	1959
1979	1959
2020	1959
2076	1959
2207	1959
2670	1959
81	1960
318	1960
384	1960
671	1960
1032	1960
1057	1960
268	1961
707	1961
1032	1961
1090	1961
1698	1961
2626	1961
418	1962
1594	1963
140	1964
100	1965
659	1965
1889	1965
26	1966
1079	1966
2210	1966
247	1967
2613	1968
2738	1969
1167	1970
998	1971
1076	1972
2095	1972
2262	1972
2514	1972
1395	1973
1834	1974
975	1975
589	1976
131	1977
961	1977
1900	1977
2734	1977
1384	1978
1150	1979
1208	1979
1959	1979
2223	1979
858	1980
2269	1980
30	1981
235	1981
634	1981
716	1981
1542	1981
2173	1981
2565	1981
2634	1981
423	1982
568	1982
716	1982
755	1982
824	1982
832	1982
1213	1982
1667	1982
1694	1982
2301	1982
2507	1982
2564	1982
2687	1982
204	1983
252	1984
1182	1984
523	1985
868	1985
1175	1985
1357	1985
2217	1985
2512	1985
1803	1986
242	1987
2504	1987
1716	1988
2094	1988
2116	1988
2766	1988
562	1989
1257	1989
1428	1989
2021	1989
2059	1989
2065	1989
649	1990
770	1990
824	1990
356	1991
564	1991
610	1992
1939	1992
911	1993
955	1993
1103	1993
84	1994
1346	1994
1816	1994
579	1995
817	1995
2081	1995
1001	1996
2202	1996
99	1997
379	1997
486	1997
961	1997
1142	1997
1259	1997
1567	1997
1906	1997
2382	1997
2440	1997
136	1998
1033	1999
2474	1999
1728	2000
1322	2001
315	2002
1663	2003
1024	2004
2167	2004
30	2005
246	2005
873	2005
1894	2005
2273	2006
2255	2007
524	2008
2094	2008
2471	2008
2491	2008
1911	2009
1503	2010
840	2011
856	2011
985	2011
206	2012
1091	2012
1858	2012
2322	2012
2518	2012
960	2013
2480	2013
511	2014
1255	2014
1338	2014
2319	2014
2520	2015
2525	2015
1731	2016
2649	2016
711	2017
1024	2017
1102	2017
1119	2017
2026	2017
2327	2017
1335	2018
2459	2019
39	2020
111	2020
807	2020
1889	2020
1959	2020
42	2021
81	2021
342	2021
437	2021
1009	2021
1354	2021
1529	2021
1561	2021
1723	2021
1916	2021
1989	2021
2127	2021
2750	2021
544	2022
2457	2022
1523	2023
962	2024
1313	2024
1511	2025
1810	2025
1937	2025
2611	2025
2662	2025
240	2026
676	2026
831	2026
1557	2026
2017	2026
613	2027
790	2027
915	2027
1141	2027
2346	2027
2650	2027
949	2028
1358	2028
2338	2028
127	2029
1568	2029
349	2030
1549	2030
309	2031
1699	2031
1728	2031
2116	2031
2340	2031
2659	2031
314	2032
601	2032
629	2032
1122	2032
1618	2032
1715	2032
1757	2032
1823	2032
2074	2032
2090	2032
2169	2032
2341	2032
2409	2032
2611	2032
2632	2032
2644	2032
315	2033
438	2033
2117	2033
2362	2033
984	2034
630	2035
1394	2036
78	2037
430	2037
292	2038
1412	2038
1007	2039
1647	2039
1028	2040
1308	2040
2123	2040
2508	2040
2609	2040
122	2041
419	2041
486	2041
577	2041
993	2041
2260	2041
2352	2041
97	2042
344	2042
428	2042
631	2042
1080	2042
2147	2042
2153	2042
2402	2042
2441	2042
2612	2042
2668	2042
2762	2042
30	2043
360	2043
363	2043
531	2043
1000	2043
1488	2043
2386	2043
143	2044
226	2044
627	2044
702	2044
753	2044
1220	2044
1480	2044
2317	2044
2346	2044
2617	2044
335	2045
1108	2045
1675	2045
1913	2046
217	2047
15	2048
69	2048
333	2048
378	2048
455	2048
523	2048
817	2048
821	2048
832	2048
851	2048
886	2048
970	2048
1074	2048
1099	2048
1326	2048
1368	2048
1516	2048
1590	2048
1654	2048
1881	2048
2272	2048
174	2049
543	2049
1338	2050
461	2051
226	2052
949	2052
1655	2052
2129	2052
741	2053
1559	2053
1708	2053
2656	2053
887	2054
1471	2054
2151	2054
2261	2054
589	2055
1361	2055
1857	2056
379	2057
590	2057
1221	2057
2120	2057
2338	2057
2516	2057
2610	2057
2626	2057
2303	2058
806	2059
1080	2059
1989	2059
2359	2059
1099	2060
1870	2060
2287	2060
2739	2060
243	2061
469	2061
1398	2061
201	2062
442	2062
507	2062
2357	2062
2748	2062
526	2063
543	2063
2174	2063
837	2064
2083	2064
2480	2064
12	2065
39	2065
315	2065
577	2065
612	2065
636	2065
659	2065
702	2065
801	2065
1222	2065
1293	2065
1411	2065
1503	2065
1591	2065
1607	2065
1918	2065
1923	2065
1989	2065
2067	2065
2248	2065
2314	2065
2470	2065
2659	2065
2710	2065
236	2066
2530	2066
2540	2066
148	2067
157	2067
505	2067
511	2067
615	2067
867	2067
1001	2067
1079	2067
1501	2067
1637	2067
2065	2067
2093	2067
2309	2067
2370	2067
2559	2067
2665	2067
2698	2067
1080	2068
854	2069
1042	2070
1141	2070
1258	2070
1425	2070
2371	2070
3	2071
66	2071
146	2071
540	2071
708	2071
948	2071
1089	2071
1569	2071
1698	2071
2076	2071
2091	2071
1545	2072
1568	2072
1793	2072
2297	2072
22	2073
165	2073
998	2073
1061	2073
2158	2073
2306	2073
2506	2073
2507	2073
2686	2073
14	2074
1302	2074
1440	2074
2032	2074
2727	2074
2743	2074
157	2075
592	2075
1471	2075
1911	2075
2126	2075
2147	2075
2737	2075
370	2076
755	2076
774	2076
828	2076
1410	2076
1421	2076
1471	2076
1777	2076
1898	2076
1930	2076
1959	2076
2071	2076
2169	2076
1105	2077
379	2078
649	2078
799	2078
830	2078
936	2078
1528	2078
1953	2078
2227	2078
2327	2078
330	2079
1397	2079
1421	2079
2723	2079
2740	2079
1952	2080
916	2081
1421	2081
1730	2081
1995	2081
426	2082
2682	2082
274	2083
2064	2083
2254	2083
2453	2083
2729	2084
16	2085
143	2085
290	2085
1527	2085
2204	2085
825	2086
2285	2087
1222	2088
279	2089
1454	2089
2297	2089
2032	2090
2273	2090
2599	2090
615	2091
2071	2091
418	2092
2153	2092
247	2093
299	2093
637	2093
715	2093
957	2093
1544	2093
1653	2093
2067	2093
2102	2093
2338	2093
2599	2093
417	2094
949	2094
1236	2094
1446	2094
1470	2094
1988	2094
2008	2094
2146	2094
2700	2094
2708	2094
11	2095
93	2095
817	2095
1138	2095
1972	2095
2292	2095
2431	2095
2443	2095
1594	2096
14	2097
217	2097
429	2097
458	2097
489	2097
630	2097
828	2097
1207	2097
1277	2097
1398	2097
1802	2097
2157	2097
2312	2097
239	2098
1554	2098
1872	2098
2148	2098
2678	2098
2714	2098
960	2099
1417	2099
93	2100
912	2100
2715	2100
2714	2101
1344	2102
2093	2102
2115	2102
2165	2102
821	2103
1586	2103
1829	2103
1053	2104
1029	2105
1374	2105
2125	2105
2346	2105
336	2106
794	2106
1150	2106
1761	2106
2114	2106
1886	2107
30	2108
681	2108
1134	2108
361	2109
373	2109
1041	2109
1100	2109
1108	2109
1471	2109
1958	2109
1944	2110
780	2111
1197	2111
1811	2111
2525	2111
64	2112
2338	2112
378	2113
649	2113
777	2113
890	2113
1175	2113
1354	2113
1644	2113
2489	2113
2717	2113
752	2114
1335	2114
1355	2114
1563	2114
2106	2114
2741	2114
72	2115
615	2115
912	2115
940	2115
1606	2115
2102	2115
2564	2115
181	2116
523	2116
592	2116
610	2116
790	2116
959	2116
1335	2116
1617	2116
1713	2116
1988	2116
2031	2116
2148	2116
2460	2116
2653	2116
2662	2116
2033	2117
2445	2117
1739	2118
2255	2118
63	2119
605	2119
1201	2119
1617	2119
2273	2119
793	2120
2057	2120
305	2121
761	2121
2297	2121
112	2122
271	2122
1729	2122
1891	2122
2124	2122
146	2123
200	2123
615	2123
804	2123
809	2123
949	2123
1646	2123
2040	2123
2364	2123
452	2124
1312	2124
1589	2124
1617	2124
1823	2124
1831	2124
1908	2124
2122	2124
2158	2124
2105	2125
2075	2126
966	2127
1087	2127
1796	2127
2021	2127
2768	2127
1049	2128
61	2129
302	2129
592	2129
738	2129
1103	2129
1222	2129
1863	2129
2052	2129
2440	2129
2457	2129
53	2130
988	2130
1172	2130
1312	2130
2220	2130
2566	2130
2578	2131
2644	2132
1170	2133
200	2134
949	2135
1205	2136
2207	2136
2637	2136
406	2137
775	2137
2761	2137
1100	2138
2535	2138
2568	2138
1506	2139
738	2140
809	2140
1700	2140
499	2141
1122	2141
1688	2141
1713	2141
825	2142
985	2142
1537	2143
1037	2144
1282	2144
1292	2144
1680	2144
513	2145
581	2145
601	2145
1474	2145
1773	2145
1786	2145
1906	2145
2379	2145
224	2146
489	2146
570	2146
814	2146
1753	2146
2094	2146
43	2147
462	2147
983	2147
1509	2147
1567	2147
1760	2147
2042	2147
2075	2147
1255	2148
2098	2148
2116	2148
1261	2149
1755	2149
2582	2149
128	2150
605	2150
178	2151
543	2151
909	2151
1257	2151
1282	2151
2054	2151
455	2152
108	2153
203	2153
970	2153
2042	2153
2092	2153
2543	2153
2558	2153
2564	2153
2585	2153
2522	2154
1072	2155
2189	2155
47	2156
873	2156
1392	2157
2097	2157
590	2158
991	2158
1050	2158
1142	2158
1554	2158
1897	2158
2073	2158
2124	2158
2173	2158
2276	2158
2443	2158
30	2159
121	2159
2261	2160
2742	2160
1166	2161
2189	2161
398	2162
214	2163
1841	2164
534	2165
2102	2165
2694	2165
2318	2166
2551	2166
242	2167
2004	2167
2268	2167
917	2168
822	2169
1209	2169
1435	2169
1826	2169
1901	2169
2032	2169
2076	2169
2719	2169
859	2170
871	2170
917	2170
1316	2170
439	2171
497	2171
560	2171
645	2171
1106	2171
1877	2171
2558	2171
2619	2171
2672	2171
1503	2172
278	2173
886	2173
1755	2173
1785	2173
1981	2173
2158	2173
1688	2174
1838	2174
2063	2174
255	2175
470	2175
917	2175
2395	2175
332	2176
1026	2176
1289	2176
1743	2176
2741	2176
1700	2177
2699	2178
2761	2178
157	2179
998	2179
15	2180
266	2181
767	2181
1074	2181
1821	2182
1604	2183
66	2184
1660	2184
487	2185
2611	2186
149	2187
1603	2187
1813	2187
2694	2187
2754	2187
909	2188
1755	2188
1891	2188
2269	2188
2155	2189
2161	2189
2228	2189
333	2190
750	2190
1273	2190
1773	2191
865	2192
1049	2192
608	2193
1148	2193
1218	2193
2763	2193
193	2194
501	2195
775	2195
401	2196
1716	2196
2302	2196
2397	2196
347	2197
536	2197
763	2197
2319	2198
638	2199
805	2199
1042	2199
253	2200
287	2200
910	2200
1271	2200
1609	2200
1615	2200
1755	2200
2503	2200
108	2201
315	2202
839	2202
1713	2202
1785	2202
1794	2202
1996	2202
2489	2202
2719	2202
2759	2202
1590	2203
1331	2204
2085	2204
2570	2204
471	2205
577	2205
1642	2205
2456	2205
284	2206
428	2206
1197	2206
1858	2206
2344	2206
313	2207
629	2207
1024	2207
1258	2207
1456	2207
1527	2207
1959	2207
2136	2207
578	2208
1048	2208
1413	2208
2462	2208
227	2209
1265	2209
1645	2209
1779	2209
218	2210
917	2210
1245	2210
1848	2210
1966	2210
2228	2210
2252	2210
2570	2210
2632	2210
2729	2210
815	2211
1600	2211
1708	2211
1955	2211
1633	2212
989	2213
947	2214
2543	2215
748	2216
916	2216
1759	2216
1146	2217
1985	2217
1697	2218
2328	2218
1574	2219
215	2220
1345	2220
1546	2220
2130	2220
1281	2221
1603	2221
422	2222
425	2222
433	2222
1277	2222
1480	2222
2501	2222
2532	2222
255	2223
268	2223
423	2223
1703	2223
1979	2223
730	2224
1462	2224
1708	2224
1913	2224
2532	2224
1024	2225
589	2226
600	2226
768	2226
834	2226
1448	2226
1716	2226
2078	2227
70	2228
340	2228
1037	2228
1219	2228
1680	2228
1729	2228
1816	2228
2189	2228
2210	2228
2678	2228
1099	2229
2564	2229
245	2230
454	2230
1209	2230
1667	2230
295	2231
1215	2231
1449	2231
2427	2231
295	2232
1679	2232
917	2233
1100	2233
1873	2233
2729	2233
2767	2233
1732	2234
1951	2234
2637	2234
2340	2235
1218	2236
410	2237
588	2237
1586	2237
2309	2237
2335	2237
2455	2237
329	2238
2687	2238
85	2239
50	2240
1760	2240
1770	2240
1399	2241
21	2242
741	2243
1714	2243
19	2244
35	2245
1055	2246
1723	2247
1265	2248
1592	2248
2065	2248
2649	2248
2344	2249
64	2250
960	2250
1491	2250
1547	2250
1702	2250
2269	2250
2297	2250
2360	2250
2343	2251
2455	2251
234	2252
1603	2252
2210	2252
797	2253
903	2254
904	2254
1260	2254
2083	2254
908	2255
909	2255
1952	2255
2007	2255
2118	2255
293	2256
789	2256
1232	2256
1419	2256
2318	2256
638	2257
831	2257
1203	2257
1457	2257
2570	2257
2733	2257
151	2258
551	2258
49	2259
293	2260
418	2260
1333	2260
2041	2260
609	2261
723	2261
1958	2261
2054	2261
2160	2261
838	2262
983	2262
1220	2262
1972	2262
249	2263
1332	2264
484	2265
960	2265
604	2266
1209	2266
1523	2266
1755	2266
1521	2267
85	2268
192	2268
1264	2268
1514	2268
2167	2268
2736	2268
858	2269
946	2269
1980	2269
2188	2269
2250	2269
2598	2269
932	2270
1059	2271
1024	2272
1117	2272
1149	2272
2048	2272
2733	2272
74	2273
403	2273
600	2273
758	2273
1061	2273
1709	2273
2006	2273
2090	2273
2119	2273
155	2274
184	2274
455	2274
2483	2275
2158	2276
241	2277
960	2277
1823	2277
2545	2277
2745	2278
63	2279
697	2279
713	2279
1198	2279
1954	2279
2642	2279
2705	2279
486	2280
626	2280
631	2280
692	2280
1079	2280
1680	2280
1816	2280
1873	2280
2699	2280
1153	2281
709	2282
1176	2282
1447	2282
1687	2282
553	2283
1009	2284
1867	2284
703	2285
1090	2285
1422	2285
1508	2285
1734	2285
2087	2285
2661	2285
1542	2286
2316	2286
284	2287
374	2287
1591	2287
2060	2287
1424	2288
1062	2289
2554	2289
1214	2290
1199	2291
2095	2292
142	2293
1836	2293
339	2294
479	2294
602	2294
605	2294
745	2294
847	2294
986	2294
1407	2294
1490	2294
2697	2294
1863	2295
1713	2296
2558	2296
30	2297
354	2297
361	2297
383	2297
405	2297
496	2297
515	2297
625	2297
694	2297
1014	2297
1033	2297
1097	2297
1107	2297
1148	2297
1424	2297
1439	2297
1585	2297
1620	2297
1768	2297
1824	2297
1828	2297
2072	2297
2089	2297
2121	2297
2250	2297
2374	2297
2506	2297
2598	2297
2649	2297
2708	2297
2763	2297
30	2298
817	2298
1616	2299
360	2300
755	2301
1982	2301
1296	2302
2196	2302
1528	2303
2058	2303
2315	2303
607	2304
1713	2304
1722	2304
20	2305
43	2305
1044	2305
191	2306
917	2306
998	2306
2073	2306
2420	2306
2463	2306
61	2307
71	2307
798	2307
1442	2308
460	2309
909	2309
1614	2309
2067	2309
2237	2309
2751	2309
60	2310
516	2310
834	2310
920	2310
1078	2310
1185	2310
1315	2310
1377	2311
2547	2311
1753	2312
2097	2312
2409	2312
900	2313
1479	2313
435	2314
557	2314
825	2314
1108	2314
1358	2314
1519	2314
1570	2314
2065	2314
570	2315
1166	2315
1818	2315
2303	2315
2331	2315
2636	2315
184	2316
323	2316
333	2316
350	2316
476	2316
668	2316
977	2316
1163	2316
1171	2316
1268	2316
1306	2316
1365	2316
1485	2316
1493	2316
1512	2316
1550	2316
1630	2316
1687	2316
1741	2316
1752	2316
1753	2316
1823	2316
1911	2316
1937	2316
2286	2316
2595	2316
2635	2316
686	2317
2044	2317
2371	2317
448	2318
889	2318
977	2318
1494	2318
1891	2318
2166	2318
2256	2318
2591	2318
2599	2318
14	2319
438	2319
899	2319
2014	2319
2198	2319
2412	2319
795	2320
923	2320
1103	2320
966	2321
755	2322
1423	2322
1611	2322
2012	2322
2344	2322
2519	2322
1490	2323
1943	2323
111	2324
1649	2324
1764	2324
1934	2324
1957	2324
1507	2325
263	2326
679	2326
1288	2326
1954	2326
233	2327
260	2327
310	2327
315	2327
353	2327
474	2327
652	2327
1081	2327
1093	2327
1108	2327
1209	2327
1826	2327
2017	2327
2078	2327
2660	2327
1032	2328
1794	2328
2218	2328
36	2329
786	2330
1762	2330
968	2331
2315	2331
1451	2332
211	2333
2396	2334
1228	2335
1301	2335
2237	2335
2363	2335
281	2336
1797	2336
1592	2337
15	2338
66	2338
99	2338
117	2338
149	2338
223	2338
235	2338
299	2338
463	2338
624	2338
688	2338
708	2338
806	2338
822	2338
1076	2338
1123	2338
1231	2338
1234	2338
1247	2338
1365	2338
1405	2338
1475	2338
1587	2338
1623	2338
1688	2338
1803	2338
1840	2338
2028	2338
2057	2338
2093	2338
2112	2338
2479	2338
2577	2338
2596	2338
2640	2338
2681	2338
583	2339
1181	2340
1589	2340
2031	2340
2235	2340
2032	2341
573	2342
856	2342
985	2342
30	2343
206	2343
457	2343
710	2343
1375	2343
1824	2343
2251	2343
167	2344
257	2344
273	2344
646	2344
1053	2344
1289	2344
1318	2344
1794	2344
2206	2344
2249	2344
2322	2344
2735	2344
274	2345
1382	2346
1787	2346
2027	2346
2044	2346
2105	2346
241	2347
1463	2347
818	2348
864	2348
1544	2348
211	2349
460	2350
248	2351
2041	2352
117	2353
231	2353
583	2353
629	2353
649	2353
834	2353
925	2353
1184	2353
1316	2353
1532	2353
173	2354
276	2354
1070	2354
802	2355
1576	2355
1719	2355
527	2356
1411	2356
1586	2356
1859	2356
723	2357
2062	2357
1785	2358
455	2359
566	2359
1335	2359
2059	2359
2403	2359
293	2360
1102	2360
1461	2360
2250	2360
1491	2361
2033	2362
2437	2362
428	2363
765	2363
2335	2363
2504	2363
853	2364
1507	2364
1574	2364
2123	2364
1092	2365
432	2366
1261	2367
1384	2367
1427	2367
1671	2367
1920	2367
1213	2368
17	2369
661	2369
42	2370
468	2370
2067	2370
170	2371
685	2371
1770	2371
2070	2371
2317	2371
632	2372
2710	2372
85	2373
1755	2373
553	2374
1731	2374
2297	2374
2589	2374
511	2375
2480	2375
1377	2376
234	2377
828	2377
15	2378
664	2378
755	2378
1315	2378
2485	2378
1314	2379
1811	2379
2145	2379
735	2380
2723	2380
169	2381
389	2381
836	2381
2708	2381
194	2382
209	2382
313	2382
360	2382
511	2382
769	2382
1085	2382
1099	2382
1704	2382
1753	2382
1922	2382
1997	2382
2393	2382
484	2383
537	2383
726	2383
1032	2383
936	2384
963	2384
1533	2384
78	2385
1140	2385
2043	2386
2536	2386
448	2387
852	2387
1168	2387
1216	2387
2531	2387
1950	2388
2405	2388
1156	2389
892	2390
1514	2390
1610	2390
1649	2390
253	2391
296	2391
1899	2392
2647	2392
481	2393
508	2393
1527	2393
2382	2393
45	2394
1559	2394
1860	2394
770	2395
2175	2395
2606	2395
590	2396
2334	2396
378	2397
508	2397
999	2397
1044	2397
1215	2397
1669	2397
2196	2397
2510	2397
423	2398
1269	2398
1725	2398
2525	2398
2560	2398
53	2399
231	2399
333	2399
1469	2399
97	2400
1197	2400
1373	2400
1799	2400
816	2401
1236	2401
2541	2401
44	2402
105	2402
448	2402
519	2402
1528	2402
2042	2402
2449	2402
1636	2403
2359	2403
2523	2403
19	2404
146	2404
418	2404
899	2404
112	2405
411	2405
854	2405
2388	2405
2649	2405
172	2406
2504	2406
500	2407
681	2407
94	2408
755	2409
1231	2409
1634	2409
1957	2409
2032	2409
2312	2409
2717	2409
8	2410
153	2410
226	2410
1820	2411
353	2412
1883	2412
2319	2412
30	2413
1328	2414
1503	2415
2677	2415
768	2416
1507	2416
1603	2416
1813	2416
590	2417
1325	2417
2571	2418
60	2419
448	2419
816	2419
949	2419
1543	2419
1882	2419
2758	2419
566	2420
707	2420
1225	2420
1570	2420
2306	2420
1357	2421
555	2422
801	2422
1112	2422
1394	2422
1626	2422
1867	2422
1920	2422
817	2423
2517	2424
453	2425
652	2426
657	2426
1256	2427
2231	2427
2683	2428
397	2429
745	2429
1932	2429
2729	2429
1169	2430
257	2431
670	2431
2095	2431
590	2432
730	2432
1429	2432
1540	2432
1769	2432
2538	2432
52	2433
1283	2433
1462	2433
1524	2433
2575	2433
157	2434
272	2434
630	2434
647	2434
677	2434
1032	2434
1229	2434
1474	2434
1565	2434
1818	2434
2622	2434
2763	2434
456	2435
629	2435
2653	2436
55	2437
2362	2437
202	2438
300	2438
1694	2438
1778	2438
1856	2438
2628	2438
1236	2439
1326	2439
1747	2439
184	2440
536	2440
1911	2440
1997	2440
2129	2440
2042	2441
1374	2442
1527	2442
225	2443
395	2443
428	2443
451	2443
1150	2443
1394	2443
2095	2443
2158	2443
2517	2443
1425	2444
1570	2444
1601	2444
234	2445
349	2445
779	2445
1853	2445
2117	2445
2564	2445
1170	2446
2693	2446
855	2447
1415	2447
1643	2448
1759	2449
2402	2449
27	2450
560	2451
1188	2451
601	2452
1169	2452
577	2453
1386	2453
1402	2453
1498	2453
2083	2453
2483	2453
840	2454
340	2455
570	2455
817	2455
931	2455
2237	2455
2251	2455
320	2456
856	2456
1136	2456
1197	2456
1214	2456
1293	2456
2205	2456
2626	2456
201	2457
435	2457
1269	2457
2022	2457
2129	2457
2460	2457
454	2458
765	2458
2473	2458
2019	2459
157	2460
183	2460
324	2460
667	2460
1697	2460
2116	2460
2457	2460
195	2461
1395	2461
1514	2461
1759	2461
1788	2461
1820	2461
1884	2461
360	2462
2208	2462
40	2463
639	2463
1236	2463
1813	2463
2306	2463
977	2464
1713	2464
1863	2464
2643	2464
943	2465
1672	2465
2652	2465
1183	2466
1544	2466
403	2467
1276	2467
1384	2467
1507	2467
1609	2467
1951	2467
998	2468
302	2469
601	2469
1202	2469
1402	2469
2743	2469
2065	2470
2008	2471
1332	2472
978	2473
1519	2473
1889	2473
2458	2473
1999	2474
300	2475
1714	2476
604	2477
1215	2477
1243	2478
2338	2479
10	2480
521	2480
1799	2480
2013	2480
2064	2480
2375	2480
1844	2481
2655	2481
418	2482
868	2482
1150	2482
1391	2482
556	2483
1080	2483
1081	2483
1829	2483
1926	2483
2275	2483
2453	2483
2679	2483
723	2484
105	2485
518	2485
589	2485
1813	2485
2378	2485
342	2486
423	2486
538	2486
772	2486
880	2487
758	2488
2756	2488
113	2489
421	2489
691	2489
911	2489
1568	2489
1586	2489
2113	2489
2202	2489
2632	2489
991	2490
1301	2490
1628	2490
1865	2490
2008	2491
1939	2492
418	2493
644	2493
912	2493
1578	2493
1788	2493
1828	2493
2662	2493
2741	2493
633	2494
1716	2494
626	2495
836	2495
840	2495
947	2495
1854	2495
2517	2495
2613	2495
2670	2495
2687	2495
1187	2496
1302	2496
1319	2496
1610	2496
2501	2496
2611	2496
2719	2496
1100	2497
1365	2498
1142	2499
1442	2499
251	2500
1785	2500
759	2501
998	2501
1164	2501
2222	2501
2496	2501
663	2502
1376	2502
577	2503
2200	2503
379	2504
962	2504
1320	2504
1558	2504
1760	2504
1987	2504
2363	2504
2406	2504
1091	2505
26	2506
626	2506
1106	2506
1332	2506
1503	2506
2073	2506
2297	2506
111	2507
116	2507
499	2507
1209	2507
1982	2507
2073	2507
50	2508
877	2508
1339	2508
1470	2508
1587	2508
1862	2508
2040	2508
1327	2509
911	2510
1646	2510
1647	2510
2397	2510
423	2511
1431	2511
1869	2511
455	2512
478	2512
1776	2512
1823	2512
1985	2512
936	2513
1715	2513
1897	2513
469	2514
1972	2514
22	2515
105	2515
212	2515
815	2515
1107	2515
917	2516
1719	2516
1834	2516
2057	2516
928	2517
2424	2517
2443	2517
2495	2517
696	2518
1302	2518
1823	2518
2012	2518
1427	2519
2322	2519
2662	2519
56	2520
1177	2520
2015	2520
27	2521
1582	2521
1753	2521
1861	2521
972	2522
2154	2522
293	2523
983	2523
1694	2523
1869	2523
2403	2523
2696	2523
579	2524
1208	2524
669	2525
981	2525
1937	2525
2015	2525
2111	2525
2398	2525
709	2526
1471	2526
569	2527
638	2527
1629	2527
1947	2527
2545	2527
741	2528
1259	2528
1406	2528
632	2529
2635	2529
2757	2529
951	2530
2066	2530
364	2531
1080	2531
2387	2531
802	2532
2222	2532
2224	2532
184	2533
1574	2534
258	2535
668	2535
2138	2535
843	2536
1055	2536
1209	2536
1343	2536
2386	2536
21	2537
1064	2537
2432	2538
709	2539
2639	2539
178	2540
290	2540
1142	2540
2066	2540
339	2541
1819	2541
2401	2541
2585	2542
22	2543
1103	2543
2153	2543
2215	2543
2732	2543
138	2544
392	2544
690	2544
1556	2545
1755	2545
1911	2545
2277	2545
2527	2545
2634	2545
189	2546
240	2546
898	2546
1660	2546
2564	2546
216	2547
2311	2547
2690	2547
115	2548
341	2549
379	2550
2166	2551
1054	2552
406	2553
1168	2553
2624	2553
224	2554
1302	2554
1571	2554
2289	2554
1844	2555
1923	2555
590	2556
649	2556
776	2556
2564	2556
684	2557
85	2558
119	2558
143	2558
244	2558
673	2558
1158	2558
2153	2558
2171	2558
2296	2558
340	2559
2067	2559
313	2560
706	2560
2398	2560
693	2561
810	2561
1338	2562
1846	2562
2633	2562
107	2563
1301	2563
926	2564
1777	2564
1794	2564
1863	2564
1982	2564
2115	2564
2153	2564
2229	2564
2445	2564
2546	2564
2556	2564
658	2565
1754	2565
1981	2565
2130	2566
173	2567
278	2567
816	2567
909	2568
2138	2568
1803	2569
469	2570
1262	2570
1481	2570
1943	2570
2204	2570
2210	2570
2257	2570
2418	2571
492	2572
865	2572
429	2573
1878	2574
2433	2575
24	2576
25	2576
944	2577
1586	2577
1631	2577
2338	2577
712	2578
2131	2578
2753	2578
242	2579
1130	2579
1608	2579
226	2580
496	2581
538	2581
1255	2581
2149	2582
562	2583
840	2583
903	2583
988	2583
396	2584
505	2585
822	2585
845	2585
1308	2585
1319	2585
1546	2585
2153	2585
2542	2585
1341	2586
293	2587
1416	2587
407	2588
436	2588
565	2588
253	2589
1829	2589
1872	2589
2374	2589
200	2590
2318	2591
918	2592
1290	2593
169	2594
1208	2594
2767	2594
1081	2595
2316	2595
541	2596
579	2596
991	2596
1124	2596
1225	2596
1535	2596
1592	2596
1715	2596
2338	2596
2712	2596
398	2597
262	2598
675	2598
1395	2598
1764	2598
2269	2598
2297	2598
765	2599
992	2599
1374	2599
2090	2599
2093	2599
2318	2599
1150	2600
1669	2600
421	2601
33	2602
202	2602
209	2602
241	2602
729	2602
1282	2602
1471	2602
1847	2602
1869	2602
236	2603
517	2603
1277	2603
1744	2603
1259	2604
1023	2605
1270	2605
1148	2606
2395	2606
146	2607
22	2608
458	2608
475	2608
911	2608
1871	2608
600	2609
1112	2609
1911	2609
2040	2609
446	2610
744	2610
2057	2610
290	2611
446	2611
545	2611
706	2611
1010	2611
2025	2611
2032	2611
2186	2611
2496	2611
96	2612
220	2612
847	2612
1458	2612
1489	2612
1728	2612
1792	2612
1803	2612
2042	2612
463	2613
605	2613
952	2613
1792	2613
1968	2613
2495	2613
30	2614
429	2614
1713	2615
530	2616
2044	2617
1906	2618
961	2619
2171	2619
295	2620
1671	2621
68	2622
86	2622
434	2622
889	2622
1379	2622
1544	2622
2434	2622
942	2623
1849	2623
2553	2624
632	2625
949	2625
2676	2625
85	2626
585	2626
1520	2626
1904	2626
1961	2626
2057	2626
2456	2626
2690	2626
695	2627
1917	2627
103	2628
1189	2628
1717	2628
1888	2628
2438	2628
493	2629
914	2630
1891	2630
1066	2631
1846	2631
108	2632
127	2632
295	2632
303	2632
351	2632
690	2632
1113	2632
1134	2632
1280	2632
1576	2632
1694	2632
1741	2632
2032	2632
2210	2632
2489	2632
2659	2632
2666	2632
2562	2633
1041	2634
1102	2634
1260	2634
1398	2634
1923	2634
1981	2634
2545	2634
498	2635
2316	2635
2529	2635
377	2636
978	2636
1517	2636
2315	2636
31	2637
194	2637
339	2637
458	2637
790	2637
915	2637
1000	2637
1039	2637
1122	2637
1557	2637
1863	2637
2136	2637
2234	2637
178	2638
26	2639
66	2639
2539	2639
54	2640
508	2640
530	2640
1215	2640
1383	2640
1532	2640
1602	2640
1803	2640
2338	2640
455	2641
1193	2641
1505	2641
141	2642
206	2642
401	2642
559	2642
607	2642
689	2642
728	2642
1006	2642
1144	2642
1858	2642
1922	2642
2279	2642
1713	2643
2464	2643
605	2644
876	2644
1099	2644
2032	2644
2132	2644
2660	2644
2710	2644
1559	2645
1717	2645
1738	2645
1874	2645
1138	2646
421	2647
1326	2647
1616	2647
1831	2647
1891	2647
2392	2647
1042	2648
191	2649
339	2649
578	2649
955	2649
985	2649
1757	2649
1930	2649
2016	2649
2248	2649
2297	2649
2405	2649
982	2650
1081	2650
1803	2650
2027	2650
674	2651
2715	2651
2465	2652
191	2653
709	2653
1241	2653
1687	2653
2116	2653
2436	2653
11	2654
2481	2655
662	2656
1927	2656
2053	2656
1586	2657
435	2658
648	2658
1847	2658
569	2659
866	2659
1036	2659
1631	2659
1692	2659
2031	2659
2065	2659
2632	2659
85	2660
318	2660
551	2660
705	2660
831	2660
1314	2660
1434	2660
2327	2660
2644	2660
2745	2660
2285	2661
134	2662
1011	2662
1103	2662
2025	2662
2116	2662
2493	2662
2519	2662
1	2663
153	2663
161	2663
162	2663
374	2663
464	2663
526	2663
800	2663
1073	2663
2692	2663
2699	2663
2757	2663
1955	2664
2764	2664
275	2665
774	2665
1283	2665
1320	2665
1430	2665
1464	2665
2067	2665
141	2666
1015	2666
1241	2666
2632	2666
927	2667
2042	2668
401	2669
1073	2669
1182	2669
1536	2669
454	2670
1943	2670
1959	2670
2495	2670
1825	2671
147	2672
938	2672
1301	2672
1427	2672
2171	2672
395	2673
1031	2673
1528	2674
978	2675
2625	2676
26	2677
825	2677
2415	2677
2747	2677
101	2678
540	2678
2098	2678
2228	2678
1730	2679
2483	2679
66	2680
936	2681
1394	2681
1399	2681
1573	2681
2338	2681
16	2682
716	2682
1494	2682
1509	2682
2082	2682
962	2683
1276	2683
1505	2683
1576	2683
2428	2683
2710	2683
858	2684
262	2685
720	2685
28	2686
61	2686
239	2686
313	2686
354	2686
1215	2686
1489	2686
2073	2686
668	2687
732	2687
1318	2687
1729	2687
1982	2687
2238	2687
2495	2687
224	2688
1029	2688
1662	2688
48	2689
1282	2689
1836	2689
613	2690
1080	2690
1343	2690
2547	2690
2626	2690
569	2691
1746	2692
2663	2692
2700	2692
2446	2693
764	2694
1695	2694
2165	2694
2187	2694
20	2695
119	2696
1098	2696
2523	2696
68	2697
2294	2697
2067	2698
174	2699
270	2699
278	2699
377	2699
411	2699
965	2699
1470	2699
2178	2699
2280	2699
2663	2699
2735	2699
1111	2700
1680	2700
2094	2700
2692	2700
1237	2701
928	2702
1841	2702
185	2703
1955	2703
2735	2703
1384	2704
605	2705
1769	2705
2279	2705
1293	2706
1181	2707
1269	2707
886	2708
1312	2708
1753	2708
1797	2708
2094	2708
2297	2708
2381	2708
363	2709
2065	2710
2372	2710
2644	2710
2683	2710
1010	2711
116	2712
364	2712
2596	2712
960	2713
1796	2713
226	2714
670	2714
937	2714
1311	2714
1739	2714
1760	2714
2098	2714
2101	2714
2743	2714
1869	2715
2100	2715
2651	2715
656	2716
1511	2716
714	2717
2113	2717
2409	2717
2758	2717
1674	2718
339	2719
2169	2719
2202	2719
2496	2719
1493	2720
94	2721
1157	2721
1894	2721
146	2722
211	2722
870	2723
1049	2723
1189	2723
2079	2723
2380	2723
1201	2724
1432	2724
1275	2725
150	2726
448	2726
998	2726
1096	2726
312	2727
464	2727
914	2727
1067	2727
1299	2727
1363	2727
1665	2727
2074	2727
68	2728
337	2728
1175	2728
1444	2728
1697	2728
1816	2728
16	2729
719	2729
844	2729
1284	2729
1599	2729
2084	2729
2210	2729
2233	2729
2429	2729
24	2730
428	2730
528	2730
721	2730
1153	2730
1314	2730
670	2731
687	2731
712	2731
1071	2731
1167	2731
2750	2731
26	2732
2543	2732
1073	2733
1596	2733
2257	2733
2272	2733
2754	2733
438	2734
714	2734
1209	2734
1977	2734
42	2735
81	2735
142	2735
323	2735
680	2735
1209	2735
1241	2735
1813	2735
2344	2735
2699	2735
2703	2735
2268	2736
142	2737
507	2737
676	2737
1584	2737
1803	2737
2075	2737
960	2738
1649	2738
1969	2738
2060	2739
403	2740
470	2740
482	2740
1543	2740
1592	2740
2079	2740
231	2741
1700	2741
2114	2741
2176	2741
2493	2741
2753	2741
1102	2742
2160	2742
989	2743
1394	2743
1444	2743
2074	2743
2469	2743
2714	2743
1451	2744
125	2745
527	2745
961	2745
1755	2745
2278	2745
2660	2745
1788	2746
94	2747
943	2747
2677	2747
340	2748
1023	2748
1175	2748
1918	2748
2062	2748
146	2749
512	2749
961	2749
1694	2749
349	2750
2021	2750
2731	2750
1435	2751
2309	2751
111	2752
108	2753
912	2753
941	2753
1099	2753
1728	2753
2578	2753
2741	2753
523	2754
1210	2754
2187	2754
2733	2754
68	2755
173	2755
343	2755
2488	2756
2529	2757
2663	2757
167	2758
259	2758
272	2758
2419	2758
2717	2758
2202	2759
602	2760
926	2760
1150	2760
1320	2760
343	2761
411	2761
788	2761
1831	2761
1951	2761
2137	2761
2178	2761
822	2762
1823	2762
2042	2762
171	2763
174	2763
301	2763
1420	2763
1787	2763
2193	2763
2297	2763
2434	2763
2664	2764
1394	2765
1678	2766
1988	2766
2233	2767
2594	2767
978	2768
1076	2768
2127	2768
