0	0
0	1
0	2
0	3
0	7
0	10
0	13
0	16
0	23
0	32
0	34
0	35
0	43
0	51
0	64
0	78
0	80
0	88
0	97
0	108
0	130
0	134
0	137
0	152
0	160
0	161
0	164
0	170
0	177
0	178
0	186
0	196
0	199
0	209
0	213
0	256
0	258
0	264
0	279
0	296
0	305
0	317
0	326
0	337
0	344
0	393
0	396
0	400
0	402
0	416
0	426
0	449
0	452
0	465
0	482
0	484
0	487
0	506
0	512
0	516
0	522
0	537
0	544
0	559
0	560
0	566
0	571
0	579
0	582
0	606
0	619
0	634
0	640
0	652
0	656
0	666
0	669
0	672
0	712
0	774
0	776
0	783
0	786
0	789
0	802
0	808
0	840
0	941
0	954
0	968
0	1024
0	1029
0	1031
0	1034
0	1056
0	1061
0	1064
0	1069
0	1084
0	1096
0	1126
0	1140
0	1148
0	1152
0	1156
0	1184
0	1234
0	1296
0	1300
0	1302
0	1322
0	1349
0	1350
0	1369
0	1372
0	1394
0	1412
0	1439
0	1547
0	1571
0	1602
0	1614
0	1637
0	1676
0	1685
0	1688
0	1690
0	1783
0	1809
0	1814
0	1829
0	1841
0	1842
0	1848
0	1855
0	1925
0	2033
1	2
1	4
1	17
1	32
1	48
1	56
1	69
1	83
1	86
1	136
1	164
1	264
1	333
1	364
1	388
1	390
1	398
1	401
1	461
1	521
1	522
1	537
1	546
1	576
1	578
1	590
1	599
1	636
1	704
1	727
1	770
1	802
1	876
1	982
1	1024
1	1032
1	1049
1	1136
1	1162
1	1164
1	1211
1	1228
1	1296
1	1302
1	1416
1	1478
1	1552
1	1570
1	1800
1	1874
1	1956
1	1959
1	1980
2	4
2	13
2	28
2	32
2	68
2	72
2	100
2	113
2	128
2	151
2	165
2	193
2	227
2	228
2	264
2	276
2	277
2	320
2	400
2	408
2	414
2	512
2	513
2	517
2	528
2	548
2	600
2	608
2	744
2	784
2	820
2	848
2	892
2	984
2	1041
2	1056
2	1064
2	1120
2	1132
2	1149
2	1161
2	1192
2	1224
2	1242
2	1281
2	1310
2	1336
2	1344
2	1489
2	1496
2	1539
2	1544
2	1559
2	1580
2	1600
2	1680
2	1681
2	1800
2	1810
2	1856
3	5
3	8
3	32
3	34
3	96
3	152
3	260
3	306
3	348
3	392
3	422
3	760
3	768
3	860
3	996
3	1556
3	1780
3	1856
4	0
4	9
4	26
4	57
4	62
4	69
4	75
4	160
4	170
4	200
4	224
4	243
4	253
4	258
4	265
4	275
4	304
4	320
4	321
4	329
4	331
4	336
4	355
4	432
4	459
4	491
4	514
4	546
4	561
4	584
4	585
4	600
4	608
4	706
4	713
4	743
4	960
4	1016
4	1032
4	1088
4	1090
4	1096
4	1098
4	1153
4	1194
4	1200
4	1217
4	1296
4	1297
4	1408
4	1424
4	1428
4	1448
4	1450
4	1472
4	1544
4	1552
4	1562
4	1585
4	1600
4	1602
4	1680
4	1691
4	1721
4	1723
5	8
5	9
5	32
5	66
5	80
5	88
5	134
5	168
5	200
5	260
5	320
5	432
5	512
5	515
5	624
5	710
5	786
5	804
5	832
5	993
5	1042
5	1120
5	1121
5	1146
5	1546
5	1576
5	1728
5	1938
6	9
6	50
6	69
6	96
6	104
6	313
6	400
6	457
6	516
6	593
6	600
6	632
6	641
6	708
6	784
6	833
6	896
6	1024
6	1044
6	1160
6	1288
6	1345
6	1368
6	1423
6	1496
6	1681
6	1856
6	1898
6	1936
7	0
7	24
7	48
7	138
7	208
7	273
7	312
7	400
7	744
7	768
8	16
8	20
8	32
8	50
8	64
8	66
8	86
8	145
8	157
8	197
8	208
8	209
8	224
8	242
8	256
8	259
8	324
8	342
8	343
8	356
8	403
8	453
8	455
8	500
8	528
8	614
8	642
8	673
8	696
8	713
8	758
8	771
8	782
8	785
8	848
8	960
8	980
8	1024
8	1030
8	1041
8	1045
8	1062
8	1074
8	1154
8	1170
8	1174
8	1197
8	1296
8	1348
8	1392
8	1460
8	1552
8	1601
8	1680
8	1763
8	1811
8	1815
8	1865
8	1926
8	1953
9	16
9	20
9	66
9	110
9	182
9	196
9	231
9	248
9	325
9	404
9	416
9	512
9	586
9	662
9	668
9	902
9	912
9	1040
9	1093
9	1110
9	1156
9	1332
9	1541
9	1872
9	1989
10	0
10	19
10	37
10	149
10	164
10	278
10	512
10	616
10	726
10	964
10	1096
10	1164
10	1172
10	1184
10	1200
10	1284
10	1393
10	1540
10	1568
10	1697
10	1698
10	1792
11	16
11	34
11	68
11	100
11	131
11	720
11	1164
11	1344
11	1600
12	0
12	33
12	37
12	43
12	48
12	97
12	112
12	155
12	328
12	352
12	392
12	576
12	641
12	770
12	837
12	1024
12	1026
12	1152
12	1186
12	1298
12	1378
12	1409
12	1442
12	1611
12	1952
13	64
13	144
13	147
13	344
13	576
13	882
13	1618
13	1792
14	256
14	337
14	610
14	656
14	832
14	961
14	1105
14	1552
15	0
15	512
15	1096
15	1204
15	1312
15	1360
15	1856
16	3
16	4
16	14
16	15
16	18
16	35
16	36
16	37
16	44
16	96
16	97
16	106
16	128
16	196
16	226
16	260
16	266
16	372
16	385
16	400
16	458
16	528
16	536
16	547
16	555
16	578
16	640
16	676
16	705
16	708
16	778
16	779
16	937
16	965
16	1024
16	1025
16	1032
16	1121
16	1144
16	1157
16	1209
16	1290
16	1416
16	1472
16	1536
16	1577
16	1700
16	1800
17	38
17	40
17	42
17	128
17	152
17	224
17	256
17	352
17	520
17	522
17	642
17	676
17	712
17	760
17	810
17	904
17	1030
17	1032
17	1088
17	1132
17	1220
17	1440
17	1550
17	1568
17	1570
17	1602
17	1657
18	0
18	8
18	24
18	33
18	65
18	160
18	193
18	256
18	299
18	325
18	416
18	428
18	672
18	772
18	800
18	953
18	1028
18	1185
18	1197
18	1216
18	1280
18	1288
18	1540
18	1544
18	1700
18	1728
18	1864
18	1992
19	13
19	406
19	456
19	524
19	584
19	780
19	1098
19	1216
19	1408
19	1484
19	1506
20	34
20	68
20	128
20	131
20	354
20	456
20	521
20	675
20	770
20	785
20	801
20	874
20	1056
20	1090
20	1162
20	1169
20	1184
20	1216
20	1313
20	1545
20	1569
20	1672
20	1770
20	1834
21	136
21	520
21	578
21	632
21	640
21	844
21	1570
21	1696
22	0
22	416
22	427
22	448
22	512
22	520
22	769
22	1160
22	1356
22	1642
22	1669
23	896
23	1048
23	1185
23	1632
24	70
24	115
24	164
24	196
24	259
24	288
24	323
24	420
24	448
24	452
24	547
24	707
24	710
24	897
24	905
24	1120
24	1219
24	1284
24	1312
24	1345
24	1443
24	1568
24	1591
24	1782
25	180
25	213
25	294
25	1248
25	1316
25	1548
25	1766
25	2020
26	256
26	512
26	544
26	1043
26	1185
26	1664
26	1700
26	1836
26	1921
27	1024
27	1158
27	1328
28	4
28	385
28	515
28	801
28	1280
28	1362
28	1379
28	1440
28	1472
28	1537
29	72
29	229
29	620
29	1024
30	513
30	1028
32	1
32	8
32	9
32	25
32	26
32	64
32	76
32	84
32	134
32	157
32	195
32	202
32	256
32	264
32	268
32	278
32	322
32	384
32	400
32	401
32	512
32	513
32	520
32	532
32	576
32	580
32	714
32	722
32	790
32	832
32	960
32	1024
32	1033
32	1052
32	1058
32	1090
32	1096
32	1097
32	1152
32	1156
32	1216
32	1281
32	1344
32	1478
32	1558
32	1561
32	1583
32	1666
32	1672
32	1804
32	1805
32	1857
32	1860
33	2
33	6
33	18
33	68
33	73
33	196
33	216
33	270
33	274
33	322
33	323
33	330
33	345
33	390
33	520
33	536
33	578
33	744
33	776
33	944
33	1108
33	1116
33	1344
33	1350
33	1412
33	1536
33	1538
33	1544
33	1754
33	1922
33	2040
34	17
34	24
34	65
34	68
34	268
34	269
34	321
34	336
34	512
34	604
34	664
34	905
34	968
34	1104
34	1217
34	1281
34	1285
34	1300
34	1417
34	1433
34	1437
34	1537
34	1673
35	180
35	256
35	344
35	460
35	1364
35	1408
35	1624
36	8
36	17
36	120
36	140
36	144
36	193
36	340
36	393
36	515
36	520
36	524
36	640
36	688
36	704
36	777
36	787
36	841
36	1025
36	1027
36	1104
36	1152
36	1168
36	1174
36	1289
36	1556
36	1626
36	1672
36	1753
36	1754
37	272
37	298
37	336
37	1240
38	0
38	1
38	256
38	513
38	657
38	792
38	833
38	1024
38	1168
38	1305
38	1801
39	80
39	126
39	522
39	584
40	0
40	33
40	86
40	103
40	128
40	194
40	256
40	262
40	324
40	852
40	1025
40	1089
40	1106
40	1110
40	1408
40	1666
41	3
41	354
41	384
41	899
41	1218
41	1624
42	28
42	144
42	152
42	385
42	577
42	901
42	1152
42	1157
42	1172
42	1569
42	1664
42	1876
43	32
43	512
43	1792
44	32
44	145
44	257
44	321
44	768
44	769
45	194
45	321
45	512
45	1184
45	1554
45	1792
46	393
46	917
46	1096
46	1136
46	1184
46	1408
47	256
47	416
47	1316
47	1984
48	0
48	2
48	6
48	7
48	8
48	12
48	73
48	77
48	84
48	131
48	132
48	133
48	139
48	157
48	199
48	201
48	257
48	270
48	520
48	524
48	576
48	838
48	1221
48	1349
48	1538
48	1541
48	1546
48	1600
48	1608
48	1710
48	1921
49	207
49	256
49	266
49	394
49	1040
49	1678
49	1858
50	8
50	12
50	85
50	229
50	417
50	516
50	1036
50	1152
50	1156
50	1216
51	132
51	1868
52	64
52	331
52	450
52	1154
52	1857
52	1928
53	1816
54	137
54	192
55	66
55	1480
56	4
56	36
56	71
56	131
56	136
56	325
56	355
56	1089
56	1284
56	1288
56	1345
56	1536
56	1668
57	2
57	128
57	208
57	642
58	89
58	261
58	1036
58	1473
60	195
60	420
60	513
60	1667
62	16
62	256
62	1281
64	0
64	1
64	3
64	7
64	8
64	17
64	18
64	40
64	128
64	132
64	138
64	157
64	174
64	219
64	256
64	287
64	409
64	520
64	561
64	592
64	627
64	642
64	654
64	674
64	680
64	752
64	772
64	806
64	912
64	1024
64	1025
64	1056
64	1058
64	1156
64	1157
64	1168
64	1205
64	1301
64	1304
64	1317
64	1416
64	1463
64	1552
64	1558
64	1570
64	1571
64	1835
64	1920
64	1927
64	1993
64	2028
65	0
65	10
65	28
65	40
65	48
65	182
65	514
65	548
65	773
65	803
65	1033
65	1038
65	1280
65	1328
65	1842
65	1962
66	0
66	1
66	41
66	49
66	144
66	165
66	184
66	186
66	209
66	268
66	514
66	524
66	712
66	808
66	913
66	1172
66	1196
66	1432
66	1568
66	1584
66	1668
66	1844
67	52
67	136
67	260
67	392
67	544
67	556
67	784
67	1032
67	1428
67	1676
68	3
68	48
68	51
68	136
68	155
68	176
68	195
68	256
68	442
68	520
68	562
68	646
68	673
68	705
68	768
68	883
68	1025
68	1040
68	1056
68	1312
68	1329
68	1472
68	1545
68	1816
68	1921
69	130
69	144
69	288
69	306
69	418
69	912
69	1026
69	1040
69	1058
69	1328
70	80
70	144
70	1045
70	1184
70	1419
70	1704
70	1792
71	2
71	160
71	256
71	544
71	776
71	1032
71	1040
71	1048
71	1072
71	1432
72	6
72	16
72	21
72	34
72	163
72	276
72	533
72	546
72	1026
72	1074
72	1170
72	1296
72	1312
72	1429
72	1712
73	4
73	512
73	560
73	582
73	1158
73	1828
74	144
74	185
74	273
74	644
74	784
74	785
74	1024
74	1025
74	1028
74	1068
74	1281
74	1413
74	1577
74	1665
75	148
75	804
75	928
75	1664
76	144
76	160
76	179
76	441
76	1027
76	1040
76	1328
76	1442
76	1670
76	1832
77	1152
77	1570
78	0
78	160
79	928
80	10
80	41
80	43
80	44
80	161
80	229
80	259
80	288
80	385
80	440
80	515
80	517
80	545
80	560
80	769
80	941
80	1028
80	1156
80	1314
81	0
81	4
81	138
81	768
81	1588
81	1794
82	520
82	529
82	545
82	896
82	1412
82	1541
83	32
83	40
83	1036
83	1440
84	32
84	130
84	259
84	288
84	643
84	801
84	928
84	1216
84	1312
84	1443
85	4
85	264
85	544
85	904
85	1536
85	1926
86	0
86	168
86	256
86	512
86	529
86	545
86	1184
86	1712
87	512
88	0
88	49
88	164
88	214
88	256
88	262
88	546
88	672
88	770
88	772
88	801
88	902
88	1024
88	1063
88	1159
88	1185
88	1536
89	386
89	1064
89	1312
89	1664
90	353
91	416
91	548
91	644
92	43
92	131
92	288
92	450
92	1024
92	1187
93	930
93	1192
95	16
96	0
96	35
96	152
96	196
96	284
96	384
96	512
96	516
96	524
96	796
96	812
96	832
96	865
96	1025
96	1048
96	1050
96	1282
96	1552
96	1567
96	1572
96	1684
96	1693
96	1803
97	1
97	128
97	130
97	134
97	394
97	402
97	418
97	1034
97	1044
97	1545
97	1800
98	9
98	257
98	397
98	541
98	897
98	1168
98	1281
98	1549
98	1792
98	1809
99	3
99	1280
99	1424
100	16
100	22
100	132
100	536
100	712
100	818
100	1027
100	1282
100	1624
100	1681
101	1426
102	1032
102	1457
102	1537
102	1929
103	1296
104	134
104	387
104	401
104	518
104	1413
104	1666
105	18
105	721
105	1681
105	1792
106	16
106	64
106	341
106	656
106	944
106	1300
106	1412
106	1808
107	0
107	16
107	1536
107	1792
108	4
108	17
108	128
109	1032
110	17
111	1819
112	0
112	194
112	256
112	649
112	932
112	1030
112	1549
112	1668
112	1798
113	2
113	257
113	518
113	1574
113	1608
114	13
114	145
114	257
114	1792
115	560
116	305
116	1804
118	1572
120	260
120	533
120	1286
121	130
122	6
122	256
123	708
127	1090
128	0
128	10
128	19
128	78
128	92
128	94
128	171
128	221
128	257
128	262
128	268
128	292
128	295
128	312
128	361
128	530
128	545
128	584
128	596
128	608
128	619
128	772
128	775
128	785
128	800
128	842
128	852
128	1032
128	1033
128	1046
128	1056
128	1060
128	1066
128	1070
128	1102
128	1146
128	1164
128	1285
128	1365
128	1371
128	1385
128	1404
128	1574
128	1604
128	1605
128	1620
128	1794
128	1808
128	1913
129	2
129	4
129	13
129	14
129	82
129	121
129	257
129	340
129	528
129	576
129	588
129	838
129	946
129	1302
129	1546
129	1638
129	1726
130	52
130	88
130	92
130	240
130	241
130	304
130	532
130	568
130	572
130	596
130	818
130	836
130	928
130	1030
130	1064
130	1100
130	1161
130	1188
130	1612
130	1797
131	8
131	98
131	280
131	328
131	360
131	600
131	1025
131	1040
131	1088
131	1540
131	1568
132	11
132	48
132	69
132	74
132	96
132	102
132	115
132	257
132	258
132	304
132	512
132	619
132	768
132	849
132	872
132	1024
132	1025
132	1040
132	1123
132	1360
132	1376
132	1536
132	1576
132	1826
133	2
133	40
133	50
133	88
133	336
133	538
133	816
133	1858
134	49
134	80
134	104
134	265
134	272
134	304
134	528
134	540
134	565
134	600
134	768
134	796
134	817
134	1280
134	1312
134	1584
134	1592
134	1644
135	336
135	592
135	600
136	81
136	148
136	278
136	310
136	403
136	530
136	609
136	625
136	772
136	800
136	807
136	855
136	870
136	1029
136	1042
136	1065
136	1077
136	1097
136	1238
136	1266
136	1281
136	1301
136	1348
136	1360
136	1406
136	1602
136	1607
136	1795
137	36
137	337
137	564
137	850
137	1701
138	48
138	321
138	356
138	512
138	640
138	784
138	1025
138	1664
138	1860
139	0
139	306
139	1104
139	1280
140	35
140	112
140	1056
140	1073
140	1097
140	1299
140	1313
140	1648
140	1800
141	320
141	1602
142	24
142	96
142	257
142	289
142	321
142	1392
142	1648
142	1860
143	1024
143	1568
144	0
144	9
144	11
144	99
144	262
144	264
144	300
144	514
144	550
144	799
144	1024
144	1035
144	1047
144	1090
144	1098
144	1289
144	1291
144	1301
144	1390
144	1570
144	1889
145	12
145	352
145	512
145	1036
145	1056
145	1574
145	1638
145	1860
145	1888
146	116
146	360
146	1284
146	1317
146	1809
147	110
147	324
147	776
147	1120
148	1
148	265
148	267
148	321
148	552
148	680
148	806
148	842
148	1026
148	1058
148	1600
149	72
149	256
149	1032
150	8
150	514
152	0
152	1
152	128
152	257
152	353
152	1058
152	1281
152	1313
152	1384
152	1824
153	258
153	288
153	324
153	547
153	1190
153	1664
154	389
154	612
154	1284
154	1348
154	1573
154	1796
156	512
156	577
156	770
156	1060
156	1792
156	1809
157	96
160	16
160	46
160	66
160	80
160	120
160	129
160	145
160	256
160	262
160	273
160	289
160	322
160	326
160	332
160	514
160	518
160	529
160	577
160	780
160	914
160	924
160	1041
160	1419
161	2
161	48
161	70
161	72
161	74
161	409
161	532
161	768
161	1060
161	1380
161	1614
162	100
162	1050
162	1169
163	24
163	1092
163	1096
163	1310
164	0
164	27
164	1024
164	1026
164	1092
164	1106
164	1289
164	1306
164	1307
164	1353
164	1355
164	1497
164	1537
164	1625
164	1872
166	24
167	578
168	16
168	1106
168	1126
168	1301
168	1571
169	546
169	1024
169	1156
170	324
170	916
170	1280
170	1345
171	140
172	514
172	578
172	1044
173	768
173	1026
173	1676
174	80
174	768
176	8
176	21
176	65
176	192
176	256
176	260
176	304
176	384
176	836
176	840
176	896
176	1036
176	1541
178	844
178	1344
179	832
179	1312
179	1538
181	770
181	1096
182	32
184	5
184	38
184	96
184	514
184	768
184	832
184	1047
184	1088
184	1794
188	1600
192	3
192	32
192	34
192	38
192	41
192	53
192	130
192	295
192	512
192	534
192	535
192	546
192	548
192	601
192	805
192	812
192	912
192	1025
192	1049
192	1056
192	1069
192	1079
192	1280
192	1284
192	1296
192	1316
192	1335
192	1568
192	1841
192	1848
193	4
193	132
193	258
193	308
193	410
193	525
193	557
193	640
193	778
193	1208
194	4
194	428
194	514
194	612
194	768
194	1032
194	1072
194	1321
194	1696
195	29
195	372
196	9
196	35
196	269
196	1280
196	1560
196	1568
196	1811
196	1832
197	8
197	58
197	1058
197	1242
197	1592
198	528
198	544
198	1056
198	1537
198	1793
199	825
199	1042
200	64
200	272
200	294
200	310
200	417
200	656
200	769
200	772
200	1058
200	1857
201	534
201	914
201	1332
202	262
202	417
202	816
202	824
203	36
203	584
203	1068
204	0
204	16
204	263
204	272
204	1841
205	1296
205	1538
207	48
208	43
208	103
208	256
208	288
208	292
208	768
208	776
208	1030
209	12
209	804
209	1162
210	278
210	513
211	48
211	256
212	1
212	1026
212	1576
213	2
215	16
215	1830
216	772
216	1028
216	1120
216	1807
217	772
217	904
217	1062
218	40
219	308
219	1329
220	258
224	5
224	27
224	163
224	256
224	266
224	519
224	522
224	528
224	778
224	1301
224	1800
224	1994
225	3
225	47
225	1048
225	1548
225	1822
226	1
226	9
226	12
226	72
226	789
227	30
228	7
228	56
228	259
228	1280
229	1312
232	534
232	1040
234	273
235	16
236	2
240	256
240	778
240	1280
240	1707
241	0
242	12
242	409
244	0
245	1474
245	1802
248	4
248	386
248	1860
249	1826
250	520
250	1924
256	2
256	5
256	6
256	12
256	15
256	16
256	41
256	103
256	104
256	113
256	140
256	143
256	179
256	192
256	194
256	201
256	224
256	264
256	291
256	410
256	419
256	512
256	514
256	517
256	521
256	542
256	546
256	552
256	557
256	580
256	676
256	707
256	1025
256	1043
256	1082
256	1088
256	1096
256	1130
256	1142
256	1158
256	1160
256	1201
256	1265
256	1268
256	1281
256	1316
256	1418
256	1577
256	1604
256	1607
256	1612
256	1625
256	1648
257	0
257	64
257	112
257	160
257	182
257	196
257	208
257	212
257	260
257	346
257	801
257	1044
257	1152
257	1346
258	16
258	36
258	40
258	41
258	48
258	49
258	64
258	67
258	100
258	128
258	136
258	560
258	653
258	672
258	1088
258	1128
258	1136
258	1197
258	1216
258	1232
258	1233
258	1480
258	1571
258	1736
258	1764
258	1896
259	53
259	66
259	136
259	640
259	653
259	1088
259	1104
259	1248
259	1288
260	51
260	72
260	81
260	82
260	99
260	131
260	137
260	153
260	187
260	209
260	539
260	571
260	593
260	641
260	677
260	1027
260	1169
260	1537
260	1601
260	1609
260	1714
261	24
261	32
261	128
261	136
261	138
261	223
261	232
261	240
261	384
261	517
261	530
261	602
261	768
261	1224
261	1554
262	33
262	369
262	552
262	656
262	657
262	673
262	1049
262	1076
262	1697
263	64
263	513
263	516
263	672
263	1536
264	2
264	6
264	69
264	88
264	140
264	152
264	231
264	320
264	512
264	514
264	517
264	561
264	576
264	738
264	1041
264	1074
264	1092
264	1096
264	1100
264	1104
264	1142
264	1152
264	1168
264	1236
264	1284
264	1557
264	1600
264	1632
265	38
265	212
265	240
265	244
265	1034
265	1236
265	1536
266	32
266	145
266	609
266	641
266	1585
267	104
267	256
267	580
267	592
267	644
268	24
268	50
268	128
268	144
268	201
268	448
268	609
268	633
268	1058
268	1651
269	1634
270	517
270	592
270	1728
271	16
271	1088
271	1152
271	1568
272	2
272	7
272	14
272	33
272	43
272	69
272	130
272	161
272	194
272	226
272	544
272	558
272	603
272	612
272	712
272	808
272	1024
272	1062
272	1185
272	1202
272	1245
272	1319
272	1562
272	1575
272	1664
273	8
273	38
273	64
273	138
273	142
273	160
273	186
273	288
273	516
273	576
273	584
273	1537
273	1696
274	4
274	68
274	544
274	552
274	557
274	649
274	1608
275	544
275	653
275	1704
276	32
276	65
276	203
276	544
276	584
276	1024
276	1153
276	1224
276	1385
276	1609
277	138
277	160
277	1538
278	2
278	1025
278	1186
278	1249
278	1349
278	1536
278	1737
279	512
280	484
280	512
280	544
280	576
280	579
280	581
280	598
280	708
280	1251
280	1763
281	2
281	18
281	224
281	516
281	800
281	1024
281	1538
282	640
283	0
284	131
284	426
285	0
285	514
285	1671
288	0
288	1
288	4
288	13
288	284
288	532
288	1032
288	1047
288	1081
288	1089
288	1096
288	1153
288	1170
288	1564
288	1600
288	1665
289	216
289	579
289	600
289	1025
289	1614
290	75
290	145
290	541
290	600
290	644
290	1027
290	1704
291	4
291	512
291	520
292	26
292	53
292	85
292	113
292	240
292	521
292	740
292	1024
292	1225
293	656
293	1062
293	1154
294	796
296	50
296	68
296	70
296	580
296	657
296	707
296	709
296	1044
296	1052
296	1202
296	1216
296	1250
296	1539
296	1603
296	1668
297	166
297	582
297	1552
298	704
298	1558
299	88
300	16
301	1184
301	1224
303	1106
304	3
304	66
304	588
304	1034
304	1168
304	1255
305	2
306	673
306	1549
306	1857
308	1
310	612
310	1025
312	65
312	1030
313	1088
313	1152
314	140
314	708
315	1668
316	65
316	129
316	1042
316	1152
317	771
318	512
319	0
320	1
320	14
320	17
320	21
320	40
320	181
320	182
320	384
320	386
320	640
320	667
320	914
320	1050
320	1060
320	1062
320	1568
320	1698
320	1809
321	40
321	128
321	130
321	136
321	172
321	175
321	536
321	564
321	684
321	1156
321	1184
321	1665
322	0
322	4
322	29
322	515
322	787
322	1048
322	1065
322	1212
322	1296
322	1537
322	1540
322	1832
323	0
323	148
323	512
323	1034
324	72
324	138
324	160
324	394
324	512
324	528
324	552
324	560
324	801
324	1026
324	1200
324	1674
324	1969
325	34
325	288
325	647
325	1568
325	1696
326	1061
326	1193
327	0
327	512
328	48
328	54
328	903
328	1031
328	1170
328	1201
328	1538
328	1665
329	0
330	160
330	262
331	1584
332	18
332	162
332	1073
333	530
334	1024
335	1296
336	34
336	672
336	1027
336	1036
336	1540
336	1576
337	1084
337	1186
337	1536
337	1672
338	0
338	129
338	180
338	1029
338	1669
339	148
339	260
339	1092
340	47
340	160
340	684
340	1057
340	1185
340	1553
340	1570
341	1026
342	1072
344	134
344	545
344	674
344	1160
344	1683
345	1025
346	34
347	128
348	36
348	1028
349	514
350	1664
352	4
352	6
352	9
352	10
352	22
352	130
352	144
352	293
352	513
352	524
352	790
352	1026
352	1040
352	1105
352	1295
352	1675
353	65
353	512
353	534
353	1026
353	1040
353	1548
353	1800
354	8
354	648
354	1280
354	1297
355	0
355	20
355	24
355	196
355	1412
356	18
357	1680
358	0
358	1241
359	128
360	2
360	132
360	914
361	1154
362	569
364	513
365	1152
366	146
368	640
368	1029
368	1317
369	1034
370	1152
370	1540
371	257
371	1152
371	1668
372	1667
376	152
376	642
376	1026
376	1684
378	512
378	1177
378	1408
380	129
382	1304
384	8
384	20
384	25
384	39
384	43
384	47
384	64
384	97
384	522
384	530
384	534
384	552
384	579
384	617
384	769
384	1025
384	1096
384	1117
384	1337
384	1539
384	1540
384	1552
384	1607
385	112
385	146
385	164
385	428
385	512
385	570
385	834
385	1066
385	1114
385	1116
385	1552
386	0
386	1
386	33
386	44
386	68
386	260
386	804
386	814
386	1156
386	1545
386	1560
387	284
387	1116
387	1128
388	4
388	18
388	24
388	82
388	104
388	337
388	546
388	787
388	1056
388	1072
388	1153
388	1377
388	1856
389	16
389	1106
389	1553
389	1586
390	0
390	616
390	1056
391	1112
392	4
392	10
392	18
392	518
392	546
392	566
392	592
392	612
392	629
392	1044
392	1116
392	1648
393	16
393	94
393	1830
394	532
394	565
394	777
394	784
395	516
395	608
395	612
395	1024
396	67
396	80
396	145
396	224
396	1856
397	0
400	37
400	40
400	68
400	72
400	75
400	132
400	584
400	1097
400	1537
401	64
401	1025
402	8
402	12
402	33
404	0
404	576
404	1033
404	1096
404	1249
408	0
408	128
408	1036
409	20
409	516
409	1568
411	1024
412	160
412	1632
413	1120
416	0
416	2
416	531
416	534
416	1042
416	1160
416	1601
416	1618
416	1631
417	514
417	530
417	596
417	604
417	654
417	1560
418	4
418	577
420	1027
421	80
421	274
422	9
422	1041
424	449
424	528
424	1042
424	1413
425	84
425	1236
427	68
428	2
428	641
429	80
431	98
432	4
432	24
432	73
432	512
432	1545
433	2
434	65
434	1025
435	1038
437	512
438	515
439	0
439	1096
440	513
440	1094
441	64
441	96
442	64
442	576
448	2
448	8
448	22
448	36
448	178
448	517
448	700
448	1027
448	1122
448	1558
448	1564
448	1826
449	150
449	1024
449	1026
449	1042
449	1534
449	1540
450	12
450	521
450	1041
450	1556
451	32
451	1036
452	42
452	537
454	1032
455	33
456	145
457	1074
458	1043
458	1061
459	48
464	2
464	513
464	527
464	780
464	1184
464	1537
464	1674
465	1544
466	49
467	553
468	0
468	546
471	1064
472	34
472	512
473	518
474	32
478	512
480	8
480	17
480	518
480	1538
481	14
483	768
484	25
485	1040
488	1286
488	1557
492	806
496	523
498	1102
499	16
501	8
501	1538
504	6
504	578
506	1536
512	5
512	20
512	29
512	32
512	40
512	41
512	42
512	50
512	52
512	57
512	86
512	113
512	125
512	144
512	145
512	154
512	163
512	180
512	210
512	220
512	232
512	253
512	288
512	320
512	353
512	358
512	388
512	405
512	418
512	420
512	423
512	461
512	480
512	484
512	592
512	1024
512	1033
512	1034
512	1061
512	1071
512	1112
512	1125
512	1151
512	1218
512	1236
512	1248
512	1317
512	1318
512	1320
512	1382
513	10
513	12
513	38
513	64
513	66
513	148
513	194
513	220
513	222
513	287
513	324
513	336
513	408
513	436
513	473
513	1090
513	1152
513	1168
513	1286
513	1312
513	1352
513	1376
513	1424
513	1808
514	1
514	5
514	37
514	44
514	48
514	50
514	64
514	141
514	144
514	148
514	244
514	260
514	272
514	280
514	360
514	385
514	440
514	456
514	640
514	1060
514	1116
514	1173
514	1184
514	1217
514	1221
514	1225
514	1289
514	1481
514	1552
515	8
515	48
515	161
515	288
515	348
515	360
515	396
515	408
515	1088
515	1174
515	1332
515	1488
516	2
516	24
516	26
516	88
516	89
516	162
516	195
516	232
516	256
516	258
516	330
516	370
516	1032
516	1131
516	1185
516	1187
516	1189
516	1193
516	1384
516	1440
516	1475
516	1896
517	8
517	34
517	104
517	240
517	274
517	320
517	386
517	626
517	674
517	1872
518	9
518	105
518	329
518	440
518	1224
518	1240
518	1344
518	1409
518	1488
519	26
519	320
519	560
519	1080
519	1328
520	5
520	41
520	66
520	98
520	113
520	128
520	256
520	258
520	293
520	324
520	436
520	448
520	564
520	835
520	1024
520	1045
520	1056
520	1092
520	1152
520	1171
520	1362
520	1457
521	4
521	10
521	32
521	160
521	272
521	322
521	1040
521	1044
521	1072
521	1088
521	1120
522	4
522	37
522	44
522	332
522	404
522	421
522	553
522	644
522	1061
522	1121
522	1172
522	1269
523	270
523	1056
524	2
524	74
524	256
524	416
524	417
524	448
524	1040
524	1122
524	1154
524	1330
524	1346
525	2
525	34
525	532
526	129
526	452
526	1056
526	1089
526	1545
527	272
528	3
528	4
528	6
528	69
528	72
528	78
528	96
528	104
528	108
528	128
528	129
528	136
528	292
528	323
528	652
528	1027
528	1063
528	1068
528	1100
528	1158
528	1164
528	1221
528	1280
528	1314
528	1383
528	1409
528	1573
528	1762
528	1898
528	2017
529	4
529	101
529	192
529	253
529	270
529	340
529	737
529	1128
529	1156
529	1192
529	1290
530	4
530	8
530	152
530	260
530	296
530	329
530	460
530	1038
530	1056
530	1096
530	1281
530	1285
530	1316
530	1472
531	4
531	80
531	172
531	1320
531	1452
532	1
532	2
532	9
532	75
532	107
532	160
532	168
532	260
532	740
532	768
532	1028
532	1120
532	1306
532	1312
532	1353
532	1378
532	1440
533	0
533	1
533	32
533	34
533	224
533	352
533	651
533	1024
533	1112
534	36
534	197
534	225
534	416
534	520
534	1289
535	328
535	536
536	2
536	225
536	262
536	448
536	465
536	481
536	1345
536	1346
537	0
537	96
537	132
537	1026
538	4
538	132
538	256
538	449
538	1042
538	1836
539	70
541	1216
542	32
542	128
542	1056
542	1248
543	260
544	0
544	5
544	24
544	30
544	145
544	162
544	204
544	258
544	264
544	450
544	584
544	704
544	1032
544	1060
544	1156
544	1161
544	1226
544	1305
544	1436
544	1516
544	1681
545	8
545	24
545	176
545	1024
545	1170
545	1606
546	4
546	45
546	472
546	1168
546	1280
546	1281
546	1360
546	1416
547	0
547	120
547	1028
548	2
548	17
548	40
548	65
548	272
548	282
548	1041
548	1048
549	1222
549	1304
550	1096
550	1217
550	1437
552	132
552	193
552	209
552	324
552	337
552	384
552	405
552	1231
552	1240
552	1348
552	1878
553	0
553	644
553	1036
553	1092
554	64
554	68
555	1056
556	176
556	322
556	1045
556	1296
556	1475
557	64
557	1408
558	1024
558	1105
560	128
560	192
560	269
560	321
560	384
560	1216
560	1349
560	1544
561	262
562	129
562	133
562	200
562	321
562	457
562	1412
562	1413
563	320
563	396
563	1417
563	1536
564	106
564	192
564	386
564	1088
565	192
565	264
565	1032
566	1057
568	6
568	1027
568	1280
568	1292
568	1356
569	260
569	272
570	80
570	352
573	0
574	1090
574	1155
576	0
576	32
576	45
576	55
576	74
576	81
576	131
576	144
576	201
576	290
576	315
576	410
576	411
576	520
576	791
576	1026
576	1033
576	1065
576	1337
576	1570
576	1936
577	38
577	180
577	256
577	258
577	272
577	306
577	1029
577	1040
577	1156
577	1669
578	4
578	20
578	21
578	29
578	148
578	385
578	680
578	901
578	1441
579	16
579	44
579	61
579	76
579	132
579	520
579	918
580	8
580	18
580	26
580	106
580	152
580	1056
580	1162
580	1187
580	1410
581	1232
582	8
582	32
582	129
582	272
582	320
582	1024
582	1041
583	16
584	7
584	28
584	53
584	144
584	289
584	435
584	1170
584	1408
584	1936
585	388
585	1042
585	1184
586	20
586	131
587	268
588	0
588	1
588	9
588	87
588	1333
591	48
592	0
592	2
592	11
592	174
592	648
592	1026
592	1172
592	1188
592	1262
592	1412
592	1416
592	1429
593	172
593	386
594	1280
594	1544
595	128
595	516
596	1024
596	1290
597	136
597	1536
598	33
598	163
600	0
600	68
600	324
600	1057
600	1062
601	1152
602	161
602	1412
604	1024
608	148
608	308
608	401
608	1032
608	1228
608	1282
608	1293
608	1477
609	128
609	131
609	516
609	1664
610	256
610	1168
611	264
611	1044
611	1424
612	24
612	142
612	280
612	450
612	1160
614	16
615	1556
616	5
616	1187
617	402
618	533
622	0
624	4
624	8
624	66
624	256
624	384
625	296
625	1288
626	257
626	384
627	268
627	1165
628	8
628	266
631	384
631	1032
632	388
632	596
637	40
639	177
640	11
640	12
640	32
640	48
640	96
640	116
640	327
640	520
640	521
640	795
640	808
640	1026
640	1048
640	1095
640	1285
640	1298
640	1361
640	1792
640	1846
641	8
641	16
641	276
641	372
641	576
641	1038
641	1080
641	1394
642	36
642	93
642	164
642	256
642	384
642	1060
642	1112
643	1292
644	264
644	277
644	298
644	331
644	513
644	1040
644	1097
644	1120
644	1348
644	1380
644	1400
645	101
645	306
645	1088
646	0
646	41
646	123
646	376
646	601
646	1024
646	1288
647	1092
648	48
648	114
648	228
648	352
648	1041
648	1066
648	1286
649	34
649	72
649	352
649	1302
650	16
650	1288
650	1537
650	1573
652	0
652	64
652	256
652	275
652	1539
652	1793
653	96
654	304
654	1088
656	17
656	49
656	70
656	135
656	192
656	290
656	1105
656	1187
656	1862
657	2
657	12
657	36
657	290
658	96
658	1356
658	1576
659	76
659	1024
660	209
660	1323
661	1088
661	1112
661	1314
661	1892
662	64
662	1281
662	1318
664	544
665	1028
665	1092
665	1124
666	103
666	288
668	99
669	4
669	1314
672	11
672	41
672	292
672	413
672	1095
672	1112
672	1126
672	1304
672	1579
673	1
673	86
673	88
673	128
673	479
673	1368
674	256
674	1040
674	1308
675	1
676	400
676	1555
677	8
677	272
677	328
678	3
680	20
680	274
680	1026
680	1031
680	1297
681	0
681	262
682	0
682	20
682	262
682	324
682	516
684	0
684	1104
688	0
688	7
688	324
688	329
688	1032
688	1290
688	1293
688	1742
689	200
689	318
689	1312
690	1035
690	1288
691	269
692	257
692	1096
696	1096
697	384
699	1157
702	1344
704	0
704	6
704	16
704	40
704	65
704	69
704	71
704	272
704	281
704	1184
705	304
706	18
706	274
706	1287
707	0
708	2
708	130
708	562
709	0
709	304
709	1072
710	1
710	1420
712	53
712	276
712	290
712	1057
712	1282
713	132
713	162
713	1796
714	0
714	274
714	1584
715	1088
716	130
716	1025
716	1298
717	2
717	22
718	1
720	270
720	403
720	416
720	801
720	1281
721	66
721	518
721	772
724	1027
724	1161
724	1281
724	1288
726	1024
728	297
728	1025
728	1284
734	361
734	1288
736	10
736	1032
736	1043
736	1093
736	1296
736	1556
737	278
738	260
738	272
738	793
739	256
740	75
740	258
742	261
742	322
744	3
744	28
744	1284
745	4
745	644
753	14
753	900
753	1024
754	1284
755	384
758	1024
760	1283
767	0
768	43
768	48
768	153
768	192
768	194
768	236
768	323
768	348
768	1030
768	1137
768	1139
768	1155
768	1156
768	1166
768	1218
768	1220
768	1400
769	74
769	79
769	142
769	1032
769	1046
769	1190
769	1194
770	13
770	17
770	22
770	32
770	108
770	144
770	240
770	436
770	512
770	645
770	1165
770	1180
771	120
771	128
771	1168
772	2
772	41
772	80
772	179
772	419
772	458
772	531
772	612
772	1024
772	1069
773	18
773	142
773	1192
773	1314
774	26
774	82
774	1056
774	1097
775	128
775	1096
776	4
776	8
776	90
776	144
776	192
776	679
776	1058
776	1059
776	1065
776	1120
776	1127
776	1140
776	1799
777	22
777	32
777	48
777	86
777	1152
778	1181
779	436
779	1056
780	0
780	16
780	17
780	96
780	177
780	1059
780	1091
781	208
784	0
784	20
784	153
784	184
784	193
784	228
784	295
784	300
784	1065
784	1088
784	1102
784	1209
785	12
785	42
785	1052
785	1064
786	34
786	193
787	632
787	1088
788	8
788	96
788	192
788	1057
789	320
790	160
790	1157
790	1224
792	224
792	1088
792	1185
793	99
793	656
794	96
798	81
798	1537
800	2
800	139
800	192
800	640
800	1025
800	1112
800	1408
801	592
801	1040
802	1
802	520
802	1108
802	1218
804	0
804	82
804	193
804	1112
806	26
808	1219
809	4
809	32
809	192
809	1174
811	18
812	3
812	64
812	528
812	1553
813	1089
816	2
816	10
816	73
816	152
816	832
816	1041
816	1096
816	1114
816	1280
817	67
818	517
818	800
820	195
820	335
820	512
820	1226
821	2
822	67
822	1089
823	129
824	194
824	1154
826	577
831	320
832	0
832	133
832	162
832	273
832	1038
832	1056
832	1178
832	1191
832	1679
833	60
833	66
833	172
833	1172
833	1200
834	72
834	1056
835	1200
836	4
836	134
836	517
838	0
838	144
838	178
839	33
840	32
840	97
840	1168
840	1301
841	4
841	6
841	52
841	292
842	51
842	1041
844	0
844	3
844	1027
844	1081
844	1281
844	1328
845	42
845	64
845	164
845	1040
845	1160
846	1040
848	1
848	9
848	229
848	522
848	1187
849	44
850	1032
851	32
856	160
856	164
857	1045
858	128
858	1024
859	193
860	1024
860	1154
860	1288
863	288
864	132
865	160
868	386
872	13
872	134
872	1027
872	1154
880	34
880	1099
881	0
882	8
883	200
883	388
884	24
887	392
890	864
891	132
896	19
896	69
896	84
896	1040
896	1066
896	1082
896	1540
896	1617
897	0
897	10
897	12
897	26
897	46
897	64
897	1094
898	3
898	84
898	125
898	250
898	1030
898	1060
898	1104
898	1688
899	16
899	17
899	724
899	1112
899	1348
900	22
900	42
900	1273
901	224
901	575
901	1128
901	1546
902	8
902	64
903	96
904	32
905	2
905	304
905	1152
906	274
906	1024
906	1064
906	1076
908	65
908	1073
910	1040
912	1
912	10
912	40
912	530
912	1062
912	1088
912	1119
913	57
913	112
913	356
913	1068
914	41
914	548
914	1096
915	1354
916	1056
917	50
918	352
920	66
920	1061
920	1121
922	0
922	97
922	1536
925	1120
928	21
928	24
928	26
928	81
929	0
929	11
929	64
929	1026
930	4
930	72
930	328
930	1290
930	1584
932	1096
932	1160
936	4
936	17
936	28
936	66
936	89
936	262
936	1026
938	16
938	81
938	1043
939	0
940	512
942	1105
944	257
944	1030
945	1536
946	128
947	1024
949	8
953	134
955	1136
956	19
956	1089
959	1572
960	16
960	28
960	1025
960	1044
960	1296
961	97
961	1050
961	1158
962	1
963	16
964	553
964	1041
965	1026
965	1034
967	32
969	6
972	32
974	0
976	518
976	1061
977	10
977	68
981	1032
985	22
986	32
986	1024
998	1041
1000	16
1002	1
1005	1083
1008	1029
1016	5
1021	0
1024	0
1024	5
1024	10
1024	28
1024	37
1024	59
1024	64
1024	68
1024	78
1024	94
1024	112
1024	137
1024	178
1024	182
1024	200
1024	212
1024	244
1024	276
1024	289
1024	296
1024	333
1024	370
1024	434
1024	480
1024	488
1024	506
1024	513
1024	516
1024	531
1024	544
1024	576
1024	579
1024	594
1024	596
1024	615
1024	644
1024	648
1024	663
1024	748
1024	806
1024	814
1024	839
1024	842
1024	843
1024	864
1024	892
1024	896
1024	919
1024	1024
1024	1033
1024	1049
1024	1063
1024	1178
1024	1232
1024	1288
1024	1544
1024	1599
1024	1861
1025	23
1025	64
1025	90
1025	120
1025	128
1025	224
1025	279
1025	283
1025	706
1025	722
1025	774
1025	798
1025	832
1025	834
1025	973
1025	1030
1026	32
1026	77
1026	84
1026	85
1026	104
1026	128
1026	140
1026	164
1026	193
1026	209
1026	220
1026	272
1026	393
1026	398
1026	416
1026	432
1026	529
1026	552
1026	568
1026	596
1026	702
1026	708
1026	832
1026	912
1026	964
1027	50
1027	88
1027	128
1027	168
1027	520
1027	704
1027	712
1027	784
1027	1280
1027	1682
1028	19
1028	58
1028	153
1028	154
1028	209
1028	304
1028	336
1028	403
1028	418
1028	585
1028	640
1028	696
1028	1026
1028	1296
1028	1610
1029	8
1029	48
1029	69
1029	130
1029	192
1029	484
1029	529
1029	560
1029	578
1029	641
1029	872
1030	72
1030	88
1030	161
1030	272
1030	288
1030	545
1030	617
1031	384
1031	800
1031	1160
1032	2
1032	3
1032	36
1032	81
1032	88
1032	97
1032	99
1032	102
1032	112
1032	128
1032	160
1032	161
1032	180
1032	182
1032	192
1032	256
1032	276
1032	304
1032	320
1032	322
1032	324
1032	336
1032	375
1032	386
1032	598
1032	624
1032	634
1032	663
1032	832
1032	1096
1033	0
1033	17
1033	32
1033	37
1033	352
1033	404
1033	512
1033	918
1034	0
1034	57
1034	64
1034	164
1034	192
1034	256
1034	264
1034	325
1034	628
1034	661
1034	817
1034	864
1034	976
1035	49
1035	178
1035	452
1035	784
1035	832
1036	816
1036	960
1036	1057
1037	48
1037	432
1037	544
1037	704
1037	2016
1038	2
1038	32
1038	128
1038	1089
1039	1024
1040	0
1040	5
1040	42
1040	50
1040	58
1040	132
1040	160
1040	228
1040	257
1040	265
1040	282
1040	288
1040	290
1040	320
1040	463
1040	519
1040	655
1040	736
1040	750
1040	783
1040	828
1040	972
1040	1802
1041	104
1041	338
1041	354
1041	424
1041	520
1041	1922
1042	4
1042	37
1042	109
1042	357
1042	588
1042	640
1042	773
1042	1064
1043	36
1043	64
1043	904
1044	67
1044	73
1044	236
1044	299
1044	514
1044	612
1044	737
1044	841
1044	866
1044	896
1045	64
1045	296
1045	320
1045	712
1045	832
1046	128
1046	145
1046	258
1046	520
1046	771
1046	777
1047	16
1047	168
1048	16
1048	36
1048	97
1048	320
1048	1154
1049	352
1050	0
1050	4
1050	17
1050	85
1050	100
1050	769
1051	768
1052	1
1052	128
1052	803
1052	1216
1053	612
1054	0
1054	641
1056	0
1056	7
1056	74
1056	78
1056	82
1056	92
1056	140
1056	257
1056	322
1056	323
1056	384
1056	388
1056	404
1056	450
1056	494
1056	518
1056	570
1056	578
1056	606
1056	642
1056	657
1056	722
1056	774
1056	784
1056	843
1056	965
1056	1218
1057	174
1057	260
1057	336
1057	376
1057	905
1058	1
1058	20
1058	132
1058	257
1058	908
1058	981
1059	68
1059	384
1059	452
1059	464
1059	644
1059	1548
1059	1562
1060	27
1060	64
1060	66
1060	284
1060	536
1060	560
1060	576
1060	579
1060	648
1060	841
1061	144
1061	216
1061	449
1061	816
1062	19
1062	512
1063	0
1063	16
1063	904
1064	92
1064	262
1064	323
1064	324
1064	408
1064	578
1064	657
1064	1412
1064	1424
1064	1557
1064	1858
1065	1
1065	676
1066	320
1066	636
1066	723
1066	772
1066	1174
1066	1408
1068	1
1068	65
1068	353
1068	464
1069	145
1070	33
1070	512
1071	384
1072	385
1072	709
1072	768
1072	1035
1073	8
1073	68
1073	515
1073	576
1074	8
1074	137
1074	257
1074	265
1074	417
1074	712
1075	132
1076	2
1076	8
1076	33
1076	844
1076	1153
1076	1216
1077	128
1078	832
1080	358
1080	657
1080	768
1081	128
1081	402
1081	646
1082	256
1082	581
1084	64
1086	832
1088	0
1088	1
1088	18
1088	20
1088	32
1088	35
1088	56
1088	157
1088	162
1088	165
1088	232
1088	296
1088	518
1088	521
1088	526
1088	552
1088	558
1088	560
1088	562
1088	568
1088	660
1088	680
1088	785
1088	808
1088	832
1088	1319
1088	1421
1088	1731
1089	32
1089	130
1089	148
1089	161
1089	168
1089	416
1089	528
1089	540
1090	14
1090	40
1090	172
1090	385
1090	403
1090	513
1090	807
1090	1076
1091	256
1091	789
1091	1664
1092	8
1092	32
1092	160
1092	193
1092	280
1092	418
1092	564
1092	648
1092	770
1092	1704
1093	2
1093	8
1093	152
1093	170
1093	288
1094	0
1094	129
1094	1609
1095	88
1095	224
1095	304
1096	1
1096	56
1096	140
1096	259
1096	293
1096	405
1096	512
1096	516
1096	642
1096	687
1096	801
1096	837
1096	1648
1096	1921
1097	0
1097	290
1097	516
1097	772
1098	16
1098	165
1098	180
1098	513
1099	534
1099	959
1100	160
1100	1801
1101	18
1101	786
1102	609
1103	1664
1104	37
1104	96
1104	131
1104	389
1104	512
1104	711
1104	1284
1105	10
1105	13
1105	40
1105	256
1105	518
1105	538
1105	552
1105	652
1105	774
1107	8
1107	416
1108	66
1108	512
1108	1027
1109	10
1110	512
1110	777
1110	809
1112	4
1112	518
1112	774
1113	161
1113	548
1114	161
1114	320
1114	801
1116	512
1116	1025
1120	34
1120	280
1120	332
1120	530
1120	918
1120	1607
1121	280
1121	398
1121	724
1121	778
1121	1688
1122	656
1122	769
1122	1178
1123	16
1123	280
1123	644
1123	808
1123	912
1123	1328
1124	80
1125	24
1126	136
1126	913
1126	1555
1128	32
1128	80
1128	194
1128	259
1128	278
1128	533
1128	897
1129	20
1130	24
1130	786
1130	901
1132	16
1132	1369
1133	580
1135	512
1136	0
1136	66
1137	12
1137	1026
1138	64
1138	133
1138	516
1138	520
1140	75
1140	776
1141	274
1144	2
1145	1536
1146	129
1148	66
1152	0
1152	16
1152	21
1152	42
1152	58
1152	98
1152	104
1152	258
1152	306
1152	311
1152	319
1152	321
1152	347
1152	393
1152	555
1152	788
1152	813
1152	833
1152	843
1152	866
1152	1280
1153	19
1153	28
1153	34
1153	110
1153	124
1153	232
1153	352
1153	594
1153	856
1153	1360
1153	1872
1154	1
1154	40
1154	72
1154	101
1154	353
1154	520
1154	536
1154	565
1154	804
1155	4
1155	40
1155	840
1155	1028
1156	267
1156	283
1156	544
1156	1353
1156	1618
1157	0
1157	74
1157	520
1158	113
1158	296
1158	304
1158	825
1159	594
1159	888
1160	2
1160	32
1160	74
1160	97
1160	256
1160	257
1160	328
1160	530
1160	564
1160	626
1160	1062
1161	0
1161	68
1161	370
1162	512
1162	545
1162	625
1163	337
1164	0
1164	64
1164	89
1164	321
1164	523
1164	576
1164	802
1165	84
1165	178
1168	2
1168	43
1168	64
1168	97
1168	290
1168	331
1168	473
1168	514
1168	554
1168	577
1168	776
1168	802
1168	1058
1169	512
1169	553
1169	768
1169	772
1169	838
1170	32
1170	64
1170	104
1170	264
1170	589
1171	64
1172	33
1172	64
1172	896
1173	2
1174	329
1174	1025
1176	525
1177	97
1177	324
1182	257
1182	1152
1184	4
1184	41
1184	72
1184	73
1184	256
1184	274
1184	283
1184	512
1184	532
1184	593
1184	1377
1185	288
1185	564
1185	1280
1186	77
1186	520
1186	585
1186	1552
1186	1925
1187	3
1187	15
1187	64
1187	264
1187	268
1187	784
1188	3
1188	848
1189	2
1189	272
1191	336
1191	512
1192	3
1192	65
1192	68
1192	833
1193	4
1193	10
1194	277
1195	520
1195	768
1196	194
1200	13
1200	524
1200	591
1200	1025
1201	904
1203	384
1204	256
1205	64
1206	256
1207	328
1208	103
1214	65
1216	416
1216	562
1216	769
1216	792
1216	831
1216	932
1216	944
1216	1289
1217	168
1217	176
1217	328
1217	336
1217	1288
1218	28
1218	544
1218	557
1218	684
1218	773
1218	776
1218	819
1219	16
1219	256
1220	288
1220	402
1220	544
1220	560
1220	1065
1221	24
1221	48
1221	520
1221	1562
1222	25
1222	145
1224	2
1224	40
1224	388
1224	530
1225	56
1225	552
1225	898
1226	16
1227	820
1228	546
1228	800
1229	304
1230	512
1232	10
1232	267
1233	419
1234	544
1234	553
1234	1069
1234	1825
1235	416
1236	0
1236	2
1236	3
1236	266
1237	312
1237	512
1237	1155
1240	34
1248	4
1248	142
1248	522
1248	770
1249	4
1249	804
1250	0
1250	4
1250	140
1252	10
1253	256
1255	576
1256	517
1257	150
1258	1
1261	4
1264	335
1264	450
1264	526
1265	644
1266	0
1268	8
1268	1288
1272	260
1272	770
1280	6
1280	9
1280	16
1280	18
1280	44
1280	94
1280	99
1280	117
1280	133
1280	167
1280	179
1280	216
1280	242
1280	517
1280	518
1280	520
1280	529
1280	576
1280	599
1280	647
1280	1096
1281	40
1281	108
1281	516
1281	754
1281	1158
1282	1
1282	88
1282	128
1282	149
1282	176
1282	178
1282	514
1282	529
1282	540
1282	597
1282	641
1282	642
1282	653
1284	0
1284	1
1284	6
1284	163
1284	194
1284	240
1284	427
1284	521
1284	605
1284	625
1284	672
1284	730
1284	784
1284	802
1284	1552
1285	80
1285	112
1285	146
1285	179
1285	440
1285	598
1285	1584
1286	689
1287	178
1287	664
1287	676
1288	81
1288	114
1288	610
1288	624
1288	674
1288	682
1288	851
1288	1136
1289	84
1289	214
1289	406
1289	512
1289	518
1289	704
1289	1168
1290	64
1290	230
1291	16
1292	16
1292	81
1292	110
1292	554
1293	2
1293	34
1293	514
1294	0
1295	32
1296	33
1296	40
1296	99
1296	456
1296	522
1296	586
1296	1024
1297	206
1297	516
1297	1152
1298	12
1298	38
1298	176
1298	233
1298	577
1300	72
1301	2
1301	32
1301	896
1302	65
1302	73
1303	0
1304	1
1304	240
1304	1093
1304	1760
1305	1062
1306	1025
1307	704
1308	67
1312	4
1312	22
1312	56
1312	57
1312	134
1312	520
1312	552
1312	660
1312	709
1313	5
1313	148
1313	184
1313	230
1313	1602
1314	24
1314	968
1315	4
1315	540
1315	776
1316	27
1316	1115
1317	8
1317	72
1317	530
1317	664
1317	1688
1318	5
1320	0
1320	515
1321	6
1321	530
1323	196
1324	16
1324	17
1324	522
1324	580
1328	73
1328	514
1329	128
1329	522
1330	92
1330	141
1334	12
1334	128
1335	576
1336	0
1336	256
1336	525
1340	0
1344	20
1344	48
1344	57
1344	68
1344	150
1344	173
1344	516
1344	572
1344	641
1344	1056
1344	1211
1345	5
1345	131
1345	176
1345	182
1345	640
1345	700
1345	915
1346	4
1346	17
1346	32
1346	36
1346	160
1346	393
1346	689
1347	8
1347	20
1347	150
1347	258
1348	32
1348	57
1348	190
1348	732
1349	0
1349	12
1349	18
1349	56
1350	128
1352	52
1352	164
1352	608
1353	544
1353	1090
1354	512
1356	248
1358	520
1358	689
1360	13
1360	42
1360	513
1360	527
1360	534
1360	652
1361	38
1361	268
1361	514
1362	11
1362	512
1363	32
1365	32
1365	698
1368	14
1368	130
1370	1
1371	32
1372	0
1372	673
1373	676
1376	13
1376	17
1376	144
1376	384
1376	640
1377	6
1377	32
1378	696
1378	1669
1379	658
1380	75
1380	536
1380	642
1381	154
1381	168
1382	0
1382	512
1383	136
1384	725
1385	640
1385	642
1385	660
1386	80
1390	624
1392	203
1392	522
1392	962
1394	8
1400	262
1406	641
1408	16
1408	18
1408	28
1408	35
1408	69
1408	105
1408	520
1408	1536
1409	74
1409	120
1409	270
1410	513
1410	600
1410	1093
1412	24
1412	520
1412	1045
1412	1803
1413	0
1413	560
1414	28
1414	104
1414	541
1416	97
1416	536
1416	641
1416	1536
1417	20
1417	54
1417	144
1417	770
1418	2
1420	32
1420	1090
1421	1
1422	33
1424	326
1425	550
1426	1297
1430	584
1433	18
1440	16
1440	72
1440	528
1440	596
1440	709
1441	327
1441	568
1441	1556
1442	5
1442	597
1442	817
1443	64
1443	580
1443	1860
1448	16
1448	788
1448	1286
1452	88
1456	12
1456	686
1457	64
1458	521
1459	12
1459	576
1460	520
1461	0
1461	2
1462	1
1466	4
1467	512
1472	48
1472	528
1472	595
1473	544
1473	788
1474	8
1474	29
1476	520
1480	567
1481	576
1482	596
1483	1041
1485	64
1488	66
1488	578
1488	648
1489	0
1489	34
1489	830
1490	549
1492	513
1494	512
1504	512
1508	0
1512	514
1536	4
1536	12
1536	39
1536	73
1536	94
1536	140
1536	160
1536	168
1536	193
1536	196
1536	252
1536	288
1536	289
1536	298
1536	395
1536	880
1536	1321
1537	14
1537	17
1537	64
1537	144
1537	208
1537	274
1537	490
1538	4
1538	12
1538	37
1538	100
1538	160
1538	164
1538	285
1538	324
1538	408
1538	1032
1538	1042
1539	0
1539	192
1539	356
1540	19
1540	32
1540	192
1540	849
1540	995
1540	1048
1541	0
1542	4
1543	96
1543	160
1543	488
1544	143
1544	184
1544	196
1544	275
1545	12
1545	16
1545	50
1545	512
1545	1780
1546	130
1546	452
1546	640
1547	8
1547	260
1548	131
1548	144
1548	162
1548	266
1548	296
1548	368
1548	768
1548	1541
1550	273
1552	4
1552	43
1552	72
1552	96
1552	289
1552	1248
1552	1250
1553	2
1553	64
1553	164
1553	226
1553	356
1553	1060
1554	68
1554	292
1554	332
1554	1181
1555	8
1556	2
1556	291
1556	418
1557	10
1558	289
1558	296
1559	138
1560	160
1560	457
1560	965
1561	64
1561	112
1561	192
1561	354
1562	65
1562	224
1562	338
1564	38
1564	128
1564	321
1568	9
1568	22
1568	55
1568	64
1568	96
1568	148
1568	184
1568	192
1568	264
1568	340
1568	400
1568	458
1569	22
1569	26
1569	128
1569	392
1570	16
1570	56
1570	76
1570	92
1570	133
1570	144
1570	468
1571	4
1571	264
1572	34
1572	128
1572	145
1572	146
1573	1216
1575	132
1576	140
1576	144
1576	272
1576	468
1576	1138
1577	129
1577	1300
1578	581
1580	192
1584	10
1584	86
1584	128
1584	129
1584	388
1584	672
1584	768
1584	1107
1585	138
1586	40
1586	257
1588	2
1588	129
1588	384
1589	9
1590	72
1592	325
1592	404
1592	770
1595	769
1596	3
1596	131
1598	360
1600	22
1600	41
1600	53
1600	151
1600	302
1600	402
1600	451
1600	511
1600	1030
1600	1672
1601	48
1601	140
1601	280
1601	296
1601	368
1601	1044
1601	1182
1602	0
1602	304
1602	413
1602	825
1602	1032
1604	2
1604	3
1604	288
1604	307
1604	1058
1605	6
1605	48
1605	104
1608	16
1608	258
1608	304
1610	195
1610	272
1610	1728
1611	18
1612	38
1612	51
1612	192
1612	1216
1613	418
1616	3
1616	269
1616	289
1616	416
1616	488
1617	139
1617	544
1617	1282
1618	132
1619	0
1619	224
1620	0
1621	137
1624	161
1624	1280
1627	256
1628	131
1628	771
1629	896
1632	260
1632	410
1633	152
1633	260
1633	392
1633	1184
1634	0
1634	12
1634	644
1636	17
1637	160
1637	432
1637	1174
1640	16
1641	192
1643	16
1646	34
1656	400
1663	24
1664	0
1664	4
1664	15
1664	46
1664	48
1664	256
1664	274
1664	332
1664	349
1665	4
1665	8
1665	260
1665	338
1665	364
1666	5
1666	101
1666	322
1667	96
1668	42
1668	65
1668	72
1668	96
1668	100
1668	194
1668	256
1669	88
1669	90
1670	59
1670	72
1670	1030
1671	72
1672	593
1673	36
1673	52
1673	258
1674	801
1676	49
1678	2
1678	481
1680	65
1680	1034
1682	256
1682	588
1683	328
1685	34
1686	128
1688	193
1689	2
1689	364
1692	528
1696	6
1696	17
1696	68
1696	73
1696	214
1696	256
1696	320
1696	328
1696	1028
1697	2
1697	66
1698	3
1698	577
1699	93
1700	22
1700	66
1701	80
1703	8
1704	1
1704	581
1704	1296
1706	348
1712	3
1713	322
1715	76
1717	0
1720	194
1720	516
1721	324
1723	324
1724	899
1726	512
1728	9
1728	13
1728	28
1728	273
1728	302
1728	520
1728	1031
1729	272
1732	10
1732	16
1734	273
1734	512
1739	816
1740	17
1744	36
1744	72
1744	356
1744	363
1746	265
1747	4
1752	17
1760	266
1760	296
1764	258
1764	1026
1768	34
1770	20
1773	71
1773	1040
1776	31
1776	269
1776	539
1778	1
1792	4
1792	6
1792	16
1792	58
1792	59
1792	64
1792	129
1792	131
1792	137
1792	196
1792	209
1792	295
1793	32
1793	148
1793	200
1793	336
1794	1
1794	13
1794	149
1794	161
1794	680
1795	24
1796	0
1796	49
1796	72
1796	136
1796	142
1796	209
1796	224
1796	275
1797	1
1797	152
1797	154
1798	712
1800	32
1800	129
1802	32
1802	64
1802	85
1802	325
1802	1041
1803	120
1805	64
1806	36
1808	69
1808	175
1808	300
1809	130
1809	288
1809	744
1812	10
1812	65
1812	72
1812	96
1812	169
1812	1032
1813	24
1816	640
1816	1376
1818	48
1819	22
1819	44
1822	16
1824	64
1824	1089
1826	132
1826	136
1829	74
1831	128
1832	0
1832	960
1834	67
1836	16
1836	64
1840	9
1840	64
1842	128
1848	85
1856	16
1856	611
1857	10
1857	24
1857	42
1857	132
1857	164
1858	44
1864	48
1864	548
1865	640
1865	1168
1866	1
1868	67
1869	672
1871	32
1872	3
1872	64
1873	64
1873	202
1874	4
1878	32
1878	128
1882	1161
1883	148
1884	97
1888	16
1888	144
1892	8
1896	400
1902	16
1903	10
1904	0
1904	1025
1904	1416
1905	148
1905	1068
1920	16
1920	38
1920	48
1920	49
1921	84
1921	582
1922	1
1924	8
1924	11
1924	16
1924	17
1930	0
1936	99
1937	90
1938	9
1938	97
1940	67
1944	520
1945	128
1952	0
1952	8
1952	19
1952	36
1952	586
1953	90
1954	84
1962	22
1963	72
1968	262
1970	1097
1981	2
1984	24
1984	49
1984	256
1986	4
1988	273
1989	176
1992	4
2018	1040
2021	24
